Date,Id,SharesOutstanding
20170127,ID00007JMS4,50.0
20170127,ID0000DNN04,50.0
20170127,ID0000DP217,50.0
20170127,ID0000DQVM9,50.0
20170127,ID0000DT838,50.0
20170127,ID0000DTTJ5,50.0
20170127,ID0000DWTV7,50.0
20170127,ID0000F22K6,50.0
20170127,ID0000F72N8,50.0
20170127,ID0000F72P6,50.0
20170127,ID0000F72Q5,50.0
20170127,ID0000FGM81,50.0
20170127,ID0000FLJP3,50.0
20170127,ID0000FR2H3,50.0
20170127,ID0000FTLF1,50.0
20170127,ID000B9WTK6,1.848
20170127,ID000B9ZG12,337.535
20170127,IDZQ0000RP5,492.173
20170127,IDZQ00028F6,113.394
20170127,IDZQ0003GF7,110.58
20170127,IDZQ0003JW2,714.293
20170127,IDZQ00041J5,51.844
20170127,IDZQ00047M8,462.95
20170127,IDZQ00048R1,284.768
20170127,IDZQ0005505,219.713
20170127,IDZQ0005R34,573.633
20170127,IDZQ0005SC2,839.394
20170127,IDZQ0006KZ3,12.611
20170127,IDZQ00072J0,20.104
20170127,IDZQ00074Z8,211.413
20170127,IDZQ00078M3,16.86
20170127,IDZQ0007ZC4,276.068
20170127,IDZQ00083Q9,7.111
20170127,IDZQ0008744,0.07
20170127,IDZQ0008WW8,1317.914
20170127,IDZQ0008Z60,472.521
20170127,IDZQ00095S1,2.759
20170127,IDZQ0009HH7,49.692
20170127,IDZQ0009P98,130.077
20170127,IDZQ000BBR6,1281.293
20170127,IDZQ000BLR4,330.083
20170127,IDZQ000BQ48,0.738
20170127,IDZQ000BRG3,0.763
20170127,IDZQ000C552,9.756
20170127,IDZQ000C6F9,252.176
20170127,IDZQ000CLN7,3.0
20170127,IDZQ000DLD7,0.25
20170127,IDZQ000DWM3,4270.255
20170127,IDZQ000F3R0,175.8
20170127,IDZQ000F6Q4,71.0
20170127,IDZQ000F8T7,457.0
20170127,IDZQ000FLJ9,681.888
20170127,IDZQ000FPC7,807.803
20170127,ID000ID228,4.2
20170127,ID000ID3Z0,14.0
20170127,IDZQ000J314,2852.214
20170127,IDZQ000JHG7,119.167
20170127,IDZQ000JZ04,380.921
20170127,IDZQ000KL21,252.0
20170127,IDZQ000KVM7,24.176
20170127,IDZQ000KY05,873.033
20170127,IDZQ000LDF4,1289.942
20170127,IDZQ000LP58,58.35
20170127,IDZQ000LT87,0.005
20170127,IDZQ000LYN9,193.482
20170127,IDZQ000M1Y8,73.352
20170127,IDZQ000M374,2009.992
20170127,IDZQ000M533,390.219
20170127,IDZQ000M677,259.796
20170127,IDZQ000M8V6,1.4
20170127,IDZQ000MKV9,271.815
20170127,IDZQ000MQB8,4.381
20170127,IDZQ000MQK8,36.0
20170127,IDZQ000MVL6,108.004
20170127,IDZQ000MWP0,164.156
20170127,IDZQ000N7T0,3.899
20170127,IDZQ000NCQ2,64.715
20170127,IDZQ000NGP4,1.243
20170127,IDZQ000NJJ5,0.685
20170127,IDZQ000NJR6,227.561
20170127,IDZQ000P451,7.563
20170127,IDZQ000P5H5,8.41
20170127,IDZQ000P852,1060.803
20170127,IDZQ000P996,15859.79
20170127,IDZQ000PDN1,9.972
20170127,IDZQ000PTP4,1501.458
20170127,IDZQ000Q012,575.745
20170127,IDZQ000Q8V2,127.805
20170127,IDZQ000QFQ2,10.702
20170127,IDZQ000QHK4,2111.283
20170127,IDZQ000QXG4,3.0
20170127,IDZQ000R4K2,8.251
20170127,IDZQ000RJ38,44.913
20170127,IDZQ000RTM5,0.75
20170127,IDZQ000S1F3,30.531
20170127,IDZQ000S2R8,41.518
20170127,IDZQ000SB34,11.014
20170127,IDZQ000SDR4,331.955
20170127,IDZQ000SHJ4,96.277
20170127,IDZQ000SJC7,1.518
20170127,IDZQ000SV67,14.608
20170127,IDZQ000SWK9,2.541
20170127,IDZQ000T938,32.307
20170127,IDZQ000TL40,98.999
20170127,IDZQ000TWT9,16.506
20170127,IDZQ000VF40,3.0
20170127,IDZQ000VT77,918.479
20170127,IDZQ000W4C5,918.479
20170127,IDZQ000W587,6.65
20170127,IDZQ000W783,63.441
20170127,IDZQ000WBV8,592.499
20170127,IDZQ000WDG1,826.948
20170127,IDZQ000WHZ1,0.94
20170127,IDZQ000WLT9,33.021
20170127,IDZQ000WNJ6,7.7
20170127,IDZQ000WS96,826.948
20170127,IDZQ000WT94,29.913
20170127,IDZQ000WXZ6,159.12
20170127,IDZQ000WYN7,5836.055
20170127,IDZQ000X0H7,1.59
20170127,IDZQ000X336,17.058
20170127,IDZQ000X6D8,47.552
20170127,IDZQ000X8Q0,601.995
20170127,IDZQ000XHG1,601.995
20170127,IDZQ000XJ04,1247.003
20170127,IDZQ000XKM7,3.619
20170127,IDZQ000XP46,14.033
20170127,IDZQ000XPH2,5.889
20170127,IDZQ000XSY7,347.304
20170127,IDZQ000XTF6,719.21
20170127,IDZQ000XWR6,4196.858
20170127,IDZQ000Y040,18.325
20170127,IDZQ000Y0W9,655.892
20170127,IDZQ000Y264,2.408
20170127,IDZQ000Y3P1,12.6
20170127,IDZQ000Y7B7,171.564
20170127,IDZQ000Y8Q9,756.235
20170127,IDZQ000YB91,110.997
20170127,IDZQ000YDZ8,1252.358
20170127,IDZQ000YG45,40.88
20170127,IDZQ000YN13,1252.358
20170127,IDZQ000YR69,20.472
20170127,IDZQ000YV51,4.2
20170127,IDZQ000YW68,22.133
20170127,IDZQ000YX11,0.222
20170127,IDZQ000Z3V3,3137.075
20170127,IDZQ000Z3Z9,378.825
20170127,IDZQ000Z4G8,5.736
20170127,IDZQ000Z9D0,200.006
20170127,IDZQ000ZKM5,57.862
20170127,IDZQ000ZTH2,1379.273
20170127,IDZQ000ZW85,46.636
20170127,IDZQ000ZXW6,1.8
20170127,IDZQ000ZZS6,69.5
20170127,ID000BC0919,6.042
20170127,ID000BC0991,203.221
20170127,ID000BC0HC9,2.903
20170127,ID000BC0KZ7,181.425
20170127,ID000BC0QR3,1286.616
20170127,ID000BC0VQ3,0.42
20170127,ID000BC0VR2,4.5
20170127,ID000BC0YG8,8.193
20170127,ID000BC1099,300.728
20170127,ID000BC10X2,0.391
20170127,ID000BC12C1,138.036
20170127,ID000BC14R1,12.855
20170127,ID000BC1543,5616.151
20170127,ID000BC15X1,218.508
20170127,ID000BC1801,69.704
20170127,ID000BC19P2,8.943
20170127,ID000BC1FY8,153.741
20170127,ID000BC1HT0,198.417
20170127,ID000BC1M46,4.101
20170127,ID000BC1RY2,98.082
20170127,ID000BC1TX9,1559.884
20170127,ID000BC1X79,565.938
20170127,ID000BC20D3,20.397
20170127,ID000BC22D9,4.28
20170127,ID000BC2356,46.024
20170127,ID000BC26Y7,370.554
20170127,ID000BC2NM3,12.494
20170127,ID000BC2NN2,0.28
20170127,ID000BC2QZ2,133.436
20170127,ID000BC2RH0,0.24
20170127,ID000BC2VQ1,0.444
20170127,ID000BC3676,288.03
20170127,ID000BC3GG4,2.0
20170127,ID000BC3NQ8,23.817
20170127,ID000BC3R89,24.028
20170127,ID000BC3SD1,7.542
20170127,ID000BC3V44,64.3
20170127,ID000BC3WW1,55.34
20170127,ID000BC43V5,7.73
20170127,ID000BC49N1,6362.079
20170127,ID000BC4N05,213.471
20170127,ID000BC4PR1,0.887
20170127,ID000BC4T84,8.672
20170127,ID000BC4VC4,79.568
20170127,ID000BC4WR6,61.493
20170127,ID000BC4WY8,5.9
20170127,ID000BC5157,33.138
20170127,ID000BC5503,5.0
20170127,ID000BC5BS0,253.226
20170127,ID000BC5J58,0.136
20170127,ID000BC5L53,1.013
20170127,ID000BC5N04,8201.755
20170127,ID000BC5SG6,39.552
20170127,ID000BC64K3,27.875
20170127,ID000BC6B81,261.458
20170127,ID000BC6CZ9,1.173
20170127,ID000BC6FG3,31.248
20170127,ID000BC6J11,26.55
20170127,ID000BC6K90,468.818
20170127,ID000BC6M32,2.267
20170127,ID000BC6MK3,0.255
20170127,ID000BC6RR5,1.96
20170127,ID000BC6TT9,185.733
20170127,ID000BC6YD5,0.18
20170127,ID000BC70T1,19.116
20170127,ID000BC71W5,30.167
20170127,ID000BC75Z3,77.215
20170127,ID000BC7KS8,10.704
20170127,ID000BC7NT1,33.912
20170127,ID000BC7P43,209.125
20170127,ID000BC7PK5,507.126
20170127,ID000BC7QR6,43.559
20170127,ID000BC7RM9,140.974
20170127,ID000BC7XT9,140.974
20170127,ID000BC7ZT4,2425.149
20170127,ID000BC80Q3,511.739
20170127,ID000BC81W4,49.793
20170127,ID000BC82S7,2.154
20170127,ID000BC8421,0.144
20170127,ID000BC8494,180.066
20170127,ID000BC8564,350.306
20170127,ID000BC85Z2,57.78
20170127,ID000BC8699,131.133
20170127,ID000BC8CB3,47.092
20170127,ID000BC8GG9,67.077
20170127,ID000BC8HB2,6.693
20170127,ID000BC8JQ2,40.717
20170127,ID000BC8L41,11.444
20170127,ID000BC8MY6,191.4
20170127,ID000BC8T71,1.432
20170127,ID000BC8W01,18.986
20170127,ID000BC8W83,24.362
20170127,ID000BC8YB5,4.167
20170127,ID000BC9144,15203.12
20170127,ID000BC9616,93.256
20170127,ID000BC97P8,2.151
20170127,ID000BC9821,561.856
20170127,ID000BC9JR0,24.111
20170127,ID000BC9K88,20.573
20170127,ID000BC9LX8,265.422
20170127,ID000BC9P50,859.925
20170127,ID000BC9V66,10109.67
20170127,ID000BC9VG5,0.764
20170127,ID000BC9Z85,107.895
20170127,ID000BC9ZX7,126.279
20170127,ID000BCB2K1,225.945
20170127,ID000BCBKJ3,84.529
20170127,ID000BCBRL5,314.948
20170127,ID000BCBT22,204.183
20170127,ID000BCC2Y5,575.745
20170127,ID000BCC3X4,1.108
20170127,ID000BCC9Z9,7.457
20170127,ID000BCCBQ4,14.012
20170127,ID000BCCFR4,640.515
20170127,ID000BCCK93,50.169
20170127,ID000BCCNC3,555.28
20170127,ID000BCCQS9,110.746
20170127,ID000BCCRV3,850.0
20170127,ID000BCCY84,0.22
20170127,ID000BCD1V9,17.347
20170127,ID000BCD2M7,0.105
20170127,ID000BCD4L4,36.299
20170127,ID000BCD7C7,419.053
20170127,ID000BCD7S0,6.015
20170127,ID000BCD988,400.11
20170127,ID000BCDBW6,7.4
20170127,ID000BCDMS7,0.1
20170127,ID000BCDPP3,807.713
20170127,ID000BCDYD7,470.464
20170127,ID000BCFNY6,3.028
20170127,ID000BCFRC1,212.195
20170127,ID000BCFVJ5,209.417
20170127,ID000BCFY18,242.572
20170127,ID000BCG6V5,16.233
20170127,ID000BCGHT4,46.999
20170127,ID000BCGJN6,44.9
20170127,ID000BCGMT3,2001.0
20170127,ID000BCGN39,2001.0
20170127,ID000BCGSR2,517.431
20170127,ID000BCGVJ4,381.025
20170127,ID000BCGWQ4,451.238
20170127,ID000BCGY80,239.143
20170127,ID000BCH092,492.523
20170127,ID000BCH0H3,137.215
20170127,ID000BCH216,1635.897
20170127,ID000BCH3D1,25.0
20170127,ID000BCH458,295.09
20170127,ID000BCH9Y5,7.295
20170127,ID000BCHFC5,295.09
20170127,ID000BCHMN8,6.624
20170127,ID000BCHRB0,301.897
20170127,ID000BCHVK1,290.072
20170127,ID000BCJCF7,3.44
20170127,ID000BCJDC8,17.834
20170127,ID000BCKLP4,16.0
20170127,ID000BCKQ46,340.53
20170127,ID000BCKTW9,3.526
20170127,ID000BCL3M6,955.616
20170127,ID000BCLBN7,2.955
20170127,ID000BCLVP1,160.0
20170127,ID000BCMX94,29.095
20170127,ID000BCMZB6,27.373
20170127,ID000BCN0T3,898.866
20170127,ID000BCN5N8,0.006
20170127,ID000BCN7R0,180.503
20170127,ID000BCNNX8,76.0
20170127,ID000BCNV42,794.292
20170127,ID000BCP0Y5,21.956
20170127,ID000BCP262,14.523
20170127,ID000BCP7M3,67.7
20170127,ID000BCQ2W2,3079.553
20170127,ID000BCQ3H7,152.477
20170127,ID000BCQDH5,87.907
20170127,ID000BCQW47,106.445
20170127,ID000BCQZ31,148.02
20170127,ID000BCR0R1,807.169
20170127,ID000BCR2B4,133.705
20170127,ID000BCR5S9,30.367
20170127,ID000BCR670,2829.717
20170127,ID000BCRHJ3,233.976
20170127,ID000BCRSB7,132.979
20170127,ID000BCRX80,197.5
20170127,ID000BCS296,67.379
20170127,ID000BCS4S1,46.604
20170127,ID000BCSR73,0.745
20170127,ID000BCSS80,1108.872
20170127,ID000BCSW45,123.613
20170127,ID000BCSWG2,6.245
20170127,ID000BCSZJ2,4.34
20170127,ID000BCT2V0,7.875
20170127,ID000BCT4W5,787.665
20170127,ID000BCT8G4,66.571
20170127,ID000BCTB68,64.839
20170127,ID000BCV1R4,132.0
20170127,ID000BCVC72,141.221
20170127,ID000BCVK38,362.88
20170127,ID000BCVNG8,27.35
20170127,ID000BCVTM8,56.103
20170127,ID000BCW4F0,30.105
20170127,ID000BCXH60,617.125
20170127,ID000BCYWV8,1628.799
20170127,ID000BCZ2C4,60.0
20170127,ID000BCZ519,4.672
20170127,ID000BCZQH6,47.702
20170127,ID000BD0249,43.0
20170127,ID000BD0F95,70.4
20170127,ID000BD0GW7,1.68
20170127,ID000BD0QS0,33.688
20170127,ID000BD0R71,178.041
20170127,ID000BD10D2,93.416
20170127,ID000BD10Y9,15.0
20170127,ID000BD1F03,15.23
20170127,ID000BD1PT0,119.357
20170127,ID000BD1W97,180.486
20170127,ID000BD2BB9,88.356
20170127,ID000BD35P6,32.655
20170127,ID000BD3PB7,21.526
20170127,ID000BD3RV1,791.674
20170127,ID000BD3ZS7,39.636
20170127,ID000BD41Z3,499.226
20170127,ID000BD4584,114.087
20170127,ID000BD4FN5,35.511
20170127,ID000BD4HS6,727.763
20170127,ID000BD4L52,389.974
20170127,ID000BD4LB5,13.625
20170127,ID000BD4MY8,351.754
20170127,ID000BD4S48,985.857
20170127,ID000BD53L3,163.74
20170127,ID000BD55T0,2.049
20170127,ID000BD5B99,238.734
20170127,ID000BD5DP7,165.214
20170127,ID000BD5HP8,281.896
20170127,ID000BD5HT4,31.023
20170127,ID000BD5T18,3175.991
20170127,ID000BD5V13,100.0
20170127,ID000BD5XC7,345.507
20170127,ID000BD5XD6,116.769
20170127,ID000BD61J9,1031.339
20170127,ID000BD6733,526.352
20170127,ID000BD6C41,186.697
20170127,ID000BD6CZ7,1006.941
20170127,ID000BD6RB0,132.08
20170127,ID000BD6VT2,10.677
20170127,ID000BD6Y89,32363.28
20170127,ID000BD6ZN9,138.883
20170127,ID000BD71W3,85.647
20170127,ID000BD75K7,7.631
20170127,ID000BD78R4,93.913
20170127,ID000BD79S1,123.913
20170127,ID000BD7BN1,78.818
20170127,ID000BD7CY7,1.8
20170127,ID000BD7JF3,1407.612
20170127,ID000BD7K24,23.548
20170127,ID000BD7KN1,4.276
20170127,ID000BD7MQ4,335.607
20170127,ID000BD7MR3,0.805
20170127,ID000BD7QX7,8.606
20170127,ID000BD7RV7,11.25
20170127,ID000BD7V39,10.766
20170127,ID000BD7W64,0.05
20170127,ID000BD7YK4,191.456
20170127,ID000BD8278,49.209
20170127,ID000BD82M1,7.116
20170127,ID000BD83L0,129.405
20170127,ID000BD8B23,13.166
20170127,ID000BD8BK3,194.506
20170127,ID000BD8DV7,13.051
20170127,ID000BD8F88,8.368
20170127,ID000BD8FM2,200.051
20170127,ID000BD8PZ6,54.765
20170127,ID000BD8VM7,283.43
20170127,ID000BD8XM3,122.689
20170127,ID000BD92C1,15.115
20170127,ID000BD94M6,1.432
20170127,ID000BD99T8,0.288
20170127,ID000BD9DM6,161.054
20170127,ID000BD9DR1,150.147
20170127,ID000BD9L75,39.819
20170127,ID000BD9NH0,1.271
20170127,ID000BD9X79,2.693
20170127,ID000BDB0K3,453.486
20170127,ID000BDB238,279.226
20170127,ID000BDB318,42.532
20170127,ID000BDB5Z6,3.393
20170127,ID000BDBD89,36.853
20170127,ID000BDBFY5,121.104
20170127,ID000BDBHV4,30.233
20170127,ID000BDBL90,1083.814
20170127,ID000BDBLH1,271.214
20170127,ID000BDBQY1,39.0
20170127,ID000BDBV07,16.801
20170127,ID000BDBWX9,50.674
20170127,ID000BDBZC5,577.236
20170127,ID000BDC7P2,0.57
20170127,ID000BDC9S5,2.352
20170127,ID000BDCBX4,1018.931
20170127,ID000BDCC80,104.234
20170127,ID000BDCD33,0.961
20170127,ID000BDCGJ9,105.77
20170127,ID000BDCH16,667.141
20170127,ID000BDCKP3,131.248
20170127,ID000BDCMJ6,832.698
20170127,ID000BDCQ52,59.837
20170127,ID000BDCS03,9.46
20170127,ID000BDCWZ6,91.241
20170127,ID000BDCZY0,201.063
20170127,ID000BDD030,24.153
20170127,ID000BDD192,26.527
20170127,ID000BDD2Z1,6.506
20170127,ID000BDD469,41.83
20170127,ID000BDD8S6,11.867
20170127,ID000BDDBX3,34.637
20170127,ID000BDDCF1,50.31
20170127,ID000BDDK90,9.574
20170127,ID000BDDM78,16.295
20170127,ID000BDDQ51,101.742
20170127,ID000BDDZJ6,337.205
20170127,ID000BDFF99,113.24
20170127,ID000BDFK70,172.614
20170127,ID000BDFM76,5.517
20170127,ID000BDFNY4,3.309
20170127,ID000BDG288,441.317
20170127,ID000BDG9T0,77.089
20170127,ID000BDGK79,141.532
20170127,ID000BDGWC7,14.771
20170127,ID000BDH3H5,96.253
20170127,ID000BDH7L1,218.794
20170127,ID000BDH9B8,194.003
20170127,ID000BDHCY6,329.934
20170127,ID000BDHZX6,9.21
20170127,ID000BDJ3C8,434.903
20170127,ID000BDJ4D5,69.461
20170127,ID000BDJF04,50.173
20170127,ID000BDJH46,32.277
20170127,ID000BDJS42,3.112
20170127,ID000BDJS97,7.2
20170127,ID000BDK0S5,82.881
20170127,ID000BDK6Y5,1714.474
20170127,ID000BDK8V4,54.121
20170127,ID000BDKG46,309.84
20170127,ID000BDKL54,101.156
20170127,ID000BDKP82,416.904
20170127,ID000BDLD33,84.617
20170127,ID000BDLKZ2,78.543
20170127,ID000BDLN40,127.835
20170127,ID000BDLQY0,118.196
20170127,ID000BDLR78,8.041
20170127,ID000BDLSV9,379.183
20170127,ID000BDMC61,84.583
20170127,ID000BDMPN3,3.51
20170127,ID000BDMWY6,41.532
20170127,ID000BDMYG2,0.371
20170127,ID000BDMYJ9,1.995
20170127,ID000BDN020,3.282
20170127,ID000BDN1X4,0.709
20170127,ID000BDN5G4,6.112
20170127,ID000BDN9L0,271.974
20170127,ID000BDNCX0,421.005
20170127,ID000BDNG89,1392.144
20170127,ID000BDNGZ9,53.811
20170127,ID000BDNP61,0.439
20170127,ID000BDNRP6,193.533
20170127,ID000BDNV13,105.878
20170127,ID000BDP1G1,99.342
20170127,ID000BDP7F9,109.602
20170127,ID000BDPKH8,271.445
20170127,ID000BDPLY7,85.322
20170127,ID000BDQ2Z7,0.371
20170127,ID000BDQ3W8,27.436
20170127,ID000BDQ9B8,31.207
20170127,ID000BDQBV1,5954.656
20170127,ID000BDQGD0,71373.74
20170127,ID000BDQR00,0.709
20170127,ID000BDR268,6.279
20170127,ID000BDR2H6,34.281
20170127,ID000BDR5G0,0.359
20170127,ID000BDR6X9,7.956
20170127,ID000BDR7T2,98.808
20170127,ID000BDRB13,7.4
20170127,ID000BDRB77,396.542
20170127,ID000BDRDQ2,12.187
20170127,ID000BDRKQ6,12.261
20170127,ID000BDRR54,0.68
20170127,ID000BDRT69,0.68
20170127,ID000BDRT78,46.671
20170127,ID000BDRW71,1.4
20170127,ID000BDRY59,1.4
20170127,ID000BDS0P0,1.923
20170127,ID000BDS3C8,1.923
20170127,ID000BDS7D8,1.013
20170127,ID000BDS9H0,1.013
20170127,ID000BDS9S8,329.346
20170127,ID000BDSDZ1,202.997
20170127,ID000BDSFT3,136.336
20170127,ID000BDSKH5,2.413
20170127,ID000BDSS88,59.297
20170127,ID000BDSZX4,285.37
20170127,ID000BDT0B4,0.1
20170127,ID000BDT1M0,775.71
20170127,ID000BDT426,449.91
20170127,ID000BDTBC9,7.542
20170127,ID000BDTBQ4,0.56
20170127,ID000BDTGP4,1228.504
20170127,ID000BDTJT4,68.486
20170127,ID000BDTRH9,1624.727
20170127,ID000BDTXW9,20.172
20170127,ID000BDV4J5,0.365
20170127,ID000BDV717,83.327
20170127,ID000BDVB90,100.8
20170127,ID000BDVFM6,2335.477
20170127,ID000BDVFT9,2.4
20170127,ID000BDVM05,16.75
20170127,ID000BDVNV9,197.238
20170127,ID000BDVSF6,0.4
20170127,ID000BDW137,28.159
20170127,ID000BDW7B5,12.588
20170127,ID000BDWBS8,36.884
20170127,ID000BDWH96,29.96
20170127,ID000BDWPB5,147.057
20170127,ID000BDWPJ7,106.737
20170127,ID000BDWX19,81.564
20170127,ID000BDWYF2,10.16
20170127,ID000BDWZ69,57.304
20170127,ID000BDX671,9.233
20170127,ID000BDX6J8,1.89
20170127,ID000BDX715,47.5
20170127,ID000BDX7T5,18.529
20170127,ID000BDX9Q4,147.77
20170127,ID000BDXB89,589.918
20170127,ID000BDXCX9,376.405
20170127,ID000BDXKH9,510.824
20170127,ID000BDXM21,120.12
20170127,ID000BDXPP9,1.704
20170127,ID000BDXXH1,33.543
20170127,ID000BDXYS7,596.421
20170127,ID000BDY135,12.26
20170127,ID000BDY2S6,2581.146
20170127,ID000BDY439,45.308
20170127,ID000BDY689,308.498
20170127,ID000BDY849,822.127
20170127,ID000BDY9R2,13.889
20170127,ID000BDYDX6,11.64
20170127,ID000BDYG23,17.794
20170127,ID000BDYHJ3,0.359
20170127,ID000BDYJM5,20.445
20170127,ID000BDYN37,11823.16
20170127,ID000BDYQS3,53.163
20170127,ID000BDYX35,40.377
20170127,ID000BDYXR9,105.569
20170127,ID000BDYZK1,0.13
20170127,ID000BDZ0K7,58.3
20170127,ID000BDZ4M7,33.541
20170127,ID000BDZ517,390.683
20170127,ID000BDZ7G7,0.33
20170127,ID000BDZ884,225.418
20170127,ID000BDZ9Z2,1.14
20170127,ID000BDZF60,0.04
20170127,ID000BDZHL9,870.063
20170127,ID000BDZHX6,856.481
20170127,ID000BDZMZ3,223.433
20170127,ID000BDZQF6,304.183
20170127,ID000BDZS53,37.84
20170127,ID000BDZTQ8,72.789
20170127,ID000BDZVR2,3.94
20170127,ID000BDZZ11,1829.333
20170127,ID000BF00N7,32.669
20170127,ID000BF03M2,55.671
20170127,ID000BF05W6,15.56
20170127,ID000BF0K71,1.908
20170127,ID000BF0KC5,2186.837
20170127,ID000BF0NZ4,152.246
20170127,ID000BF0SZ3,226.256
20170127,ID000BF0VS4,56.739
20170127,ID000BF0YV4,25.202
20170127,ID000BF1083,298.856
20170127,ID000BF13X9,162.33
20170127,ID000BF1421,20.532
20170127,ID000BF17P9,142.754
20170127,ID000BF17Q8,24.794
20170127,ID000BF19D8,104.358
20170127,ID000BF1L50,946.987
20170127,ID000BF1LB3,344.693
20170127,ID000BF1NP4,457.7
20170127,ID000BF1Q13,39.548
20170127,ID000BF1SB8,395.416
20170127,ID000BF1TQ0,45.134
20170127,ID000BF1TX2,148.043
20170127,ID000BF1WH3,221.877
20170127,ID000BF1WJ1,45.458
20170127,ID000BF20J0,239.504
20170127,ID000BF21F2,875.886
20170127,ID000BF29N6,591.46
20170127,ID000BF2DL9,73.564
20170127,ID000BF2HB1,41.354
20170127,ID000BF2HJ3,150.0
20170127,ID000BF2HS3,183.086
20170127,ID000BF2M20,1098.564
20170127,ID000BF2PM1,3284.434
20170127,ID000BF2WT9,11.963
20170127,ID000BF2Y79,19.442
20170127,ID000BF33F7,465.41
20170127,ID000BF3CX7,11.493
20170127,ID000BF3D47,115.676
20170127,ID000BF3PG7,2847.189
20170127,ID000BF3RF4,914.482
20170127,ID000BF3VL8,21.423
20170127,ID000BF3W36,35.251
20170127,ID000BF3YG8,0.04
20170127,ID000BF3ZV8,10.859
20170127,ID000BF4286,25.073
20170127,ID000BF4366,109.335
20170127,ID000BF46K3,8174.645
20170127,ID000BF49P2,162.303
20170127,ID000BF4BS4,19.336
20170127,ID000BF4HM7,3270.272
20170127,ID000BF4MF4,6.351
20170127,ID000BF4WV4,90.969
20170127,ID000BF4ZM7,90.252
20170127,ID000BF53Z3,44.732
20170127,ID000BF5GH4,217.738
20170127,ID000BF5JZ8,69.552
20170127,ID000BF5PB0,84.767
20170127,ID000BF6471,132.456
20170127,ID000BF66X7,575.968
20170127,ID000BF69X1,1280.854
20170127,ID000BF6D26,25.017
20170127,ID000BF6LN5,29.648
20170127,ID000BF6MY1,19.16
20170127,ID000BF6R70,339.881
20170127,ID000BF6RX1,42.2
20170127,ID000BF7BG4,0.139
20170127,ID000BF7DG0,2.95
20170127,ID000BF7DQ9,2.409
20170127,ID000BF7HK6,70.666
20170127,ID000BF7KW6,8.1
20170127,ID000BF7LC6,0.179
20170127,ID000BF7PM6,0.123
20170127,ID000BF7W87,139.81
20170127,ID000BF7ZJ8,0.295
20170127,ID000BF7ZN3,28.33
20170127,ID000BF8282,0.115
20170127,ID000BF82S0,15.967
20170127,ID000BF8LY1,34.601
20170127,ID000BF8SM9,122.342
20170127,ID000BF8ZL4,172.608
20170127,ID000BF9R31,9.677
20170127,ID000BFBVD8,2.352
20170127,ID000BFC5N3,15.044
20170127,ID000BFCKY8,44.255
20170127,ID000BFCWP2,1016.608
20170127,ID000BFD534,914.482
20170127,ID000BFD6C2,16.865
20170127,ID000BFD9S9,250.805
20170127,ID000BFDJ61,14.889
20170127,ID000BFDS61,60.994
20170127,ID000BFFJQ7,0.031
20170127,ID000BFFWS6,0.266
20170127,ID000BFFXZ6,183.023
20170127,ID000BFGBS1,49.704
20170127,ID000BFGMK5,210.474
20170127,ID000BFGNH7,170.234
20170127,ID000BFGYS1,5.835
20170127,ID000BFH656,38.232
20170127,ID000BFHC62,169.809
20170127,ID000BFHSL0,2.1
20170127,ID000BFHXX6,0.96
20170127,ID000BFJ0B0,0.48
20170127,ID000BFJD77,403.151
20170127,ID000BFJMC1,3.125
20170127,ID000BFJMK2,21.139
20170127,ID000BFKBQ8,347.916
20170127,ID000BFKDJ2,37.44
20170127,ID000BFKJ18,40.74
20170127,ID000BFKJL6,179.878
20170127,ID000BFKN64,457.0
20170127,ID000BFKPG8,72.718
20170127,ID000BFKQP6,185.733
20170127,ID000BFKRZ3,11.784
20170127,ID000BFKWP3,3878.484
20170127,ID000BFKZ03,655.892
20170127,ID000BFL0H1,34.0
20170127,ID000BFL1W2,555.28
20170127,ID000BFL9V6,88.767
20170127,ID000BFLD92,141.07
20170127,ID000BFLFJ6,0.003
20170127,ID000BFLTD2,774.655
20170127,ID000BFM3Y5,181.425
20170127,ID000BFM8W6,35.432
20170127,ID000BFN4J9,0.521
20170127,ID000BFN695,617.782
20170127,ID000BFNV18,1485.663
20170127,ID000BFP6Z4,35.82
20170127,ID000BFP764,15.581
20170127,ID000BFPBM7,0.113
20170127,ID000BFPL36,393.909
20170127,ID000BFPRY9,2.86
20170127,ID000BFPY74,0.416
20170127,ID000BFQ0N9,64.595
20170127,ID000BFQ4T5,0.194
20170127,ID000BFQLZ0,327.273
20170127,ID000BFQQQ9,17.477
20170127,ID000BFQW31,0.054
20170127,ID000BFQXH4,3132.905
20170127,ID000BFQY82,1435.176
20170127,ID000BFQYN5,0.914
20170127,ID000BFR0J3,10.185
20170127,ID000BFR0X7,359.576
20170127,ID000BFR3L4,1.306
20170127,ID000BFRHR7,0.2
20170127,ID000BFRHT5,3.94
20170127,ID000BFRZH8,25.6
20170127,ID000BFS8X9,2.534
20170127,ID000BFSJW6,7.146
20170127,ID000BFSX28,0.162
20170127,ID000BFSYH0,17.46
20170127,ID000BFT5D6,19.6
20170127,ID000BFT5N5,4.2
20170127,ID000BFT7H8,7.535
20170127,ID000BFT9L9,112.804
20170127,ID000BFTN92,0.5
20170127,ID000BFTRN7,0.3
20170127,ID000BFTTT7,1.89
20170127,ID000BFV2P7,19.641
20170127,ID000BFVCR3,0.062
20170127,ID000BFVG12,201.446
20170127,ID000BFVRR0,862.472
20170127,ID000BFW7B0,150.348
20170127,ID000BFX159,7.903
20170127,ID000BFX7V7,0.38
20170127,ID000BFXQD5,384.427
20170127,ID000BFXYQ4,7.472
20170127,ID000BFXZC6,62.861
20170127,ID000BFY1Y6,1.355
20170127,ID000BFYPV6,904.202
20170127,ID000BFYVC4,47.352
20170127,ID000BFZ068,6362.079
20170127,ID000BFZ273,1.0
20170127,ID000BFZXY5,1.568
20170127,ID000BG03Z6,1.0
20170127,ID000BG06Q9,0.903
20170127,ID000BG07J5,395.188
20170127,ID000BG0FD3,7.3
20170127,ID000BG10T8,5.0
20170127,ID000BG1NT8,174.833
20170127,ID000BG2543,192.343
20170127,ID000BG2VZ2,66.962
20170127,ID000BG37P5,4.25
20170127,ID000BG4DQ0,826.948
20170127,ID000BG57F4,41.325
20170127,ID000BG5BD7,0.345
20170127,ID000BG5LG2,0.022
20170127,ID000BG5M34,0.165
20170127,ID000BG5PH2,180.507
20170127,ID000BG5TK0,250.273
20170127,ID000BG5Z44,56.875
20170127,ID000BG6184,38.751
20170127,ID000BG6JH5,8.653
20170127,ID000BG6RC2,2.277
20170127,ID000BG7DY8,1228.504
20170127,ID000BG7F82,16.368
20170127,ID000BG7LC4,0.168
20170127,ID000BG8743,1.713
20170127,ID000BG8F09,12.849
20170127,ID000BG9653,311.691
20170127,ID000BG97J6,455.484
20170127,ID000BG9F71,31.737
20170127,ID000BG9MW8,1864.374
20170127,ID000BGBD91,45.408
20170127,ID000BGC9N3,1.479
20170127,ID000BGD0M2,6.345
20170127,ID000BGD890,725.652
20170127,ID000BGDD26,23.0
20170127,ID000BGDYZ4,530.11
20170127,ID000BGF665,48.831
20170127,ID000BGFGW4,420.0
20170127,ID000BGG4S5,7.361
20170127,ID000BGG8Z8,1677.221
20170127,ID000BGG9J4,78.59
20170127,ID000BGGD69,9.975
20170127,ID000BGH164,30.832
20170127,ID000BGH7G0,9.0
20170127,ID000BGHJ38,717.473
20170127,ID000BGHN84,4.0
20170127,ID000BGJ0C7,29.454
20170127,ID000BGJKM2,3.033
20170127,ID000BGJZC0,268.185
20170127,ID000BGKDP3,2.24
20170127,ID000BGKJ61,84.045
20170127,ID000BGKM37,44.957
20170127,ID000BGKW17,305.5
20170127,ID000BGKW35,3.51
20170127,ID000BGKZB9,1.704
20170127,ID000BGL365,453.386
20170127,ID000BGM0C3,0.168
20170127,ID000BGMBP5,143.602
20170127,ID000BGMRD3,0.925
20170127,ID000BGP058,12.317
20170127,ID000BGP5K0,430.255
20170127,ID000BGPZD2,1.9
20170127,ID000BGR3H7,60.411
20170127,ID000BGRW38,94.278
20170127,ID000BGRXM5,1055.05
20170127,ID000BGSCN9,38.753
20170127,ID000BGSFC4,4.388
20170127,ID000BGTMN6,6.037
20170127,ID000BGV5C2,0.022
20170127,ID000BGX3C5,16.596
20170127,ID000BGX5P6,181.018
20170127,ID000BGX6S1,2170.019
20170127,ID000BGX8G0,1908.922
20170127,ID000BGXKW5,44.414
20170127,ID000BGXTP4,419.456
20170127,ID000BGY1M7,176.011
20170127,ID000BGYJR3,1252.358
20170127,ID000BGYTM6,0.524
20170127,ID000BGZ2S8,63.874
20170127,ID000BH0HG4,990.381
20170127,ID000BH1392,261.545
20170127,ID000BH18T9,16.972
20170127,ID000BH1FT3,138.642
20170127,ID000BH1GW7,178.132
20170127,ID000BH1QG3,12.385
20170127,ID000BH22J2,17.347
20170127,ID000BH2X22,279.269
20170127,ID000BH3TC9,0.615
20170127,ID000BH41G5,34.666
20170127,ID000BH4SZ5,0.112
20170127,ID000BH5600,368.579
20170127,ID000BH6NH4,472.507
20170127,ID000BH6SN6,442.805
20170127,ID000BH79M8,16.926
20170127,ID000BH7F71,2.169
20170127,ID000BH7W83,1252.358
20170127,ID000BH8H76,15.664
20170127,ID000BH8K42,3.25
20170127,ID000BH8LQ6,0.029
20170127,ID000BH8PG8,0.168
20170127,ID000BH8YK4,0.251
20170127,ID000BH90L6,555.28
20170127,ID000BH91D3,50.0
20170127,ID000BH9JP1,122.472
20170127,ID000BH9S62,1007.767
20170127,ID000BH9YB3,0.893
20170127,ID000BH9ZX6,1352.163
20170127,ID000BHB284,2352.807
20170127,ID000BHB4R9,1113.234
20170127,ID000BHBN24,3878.484
20170127,ID000BHBP83,43.579
20170127,ID000BHBQ09,91.811
20170127,ID000BHCDX1,94.044
20170127,ID000BHCLR0,30.8
20170127,ID000BHD1C9,22.982
20170127,ID000BHD3Z0,160.0
20170127,ID000BHDNJ4,159.788
20170127,ID000BHDWY7,62.741
20170127,ID000BHF299,5.225
20170127,ID000BHF3Z8,8.4
20170127,ID000BHFLX0,26.326
20170127,ID000BHFMK2,18.402
20170127,ID000BHFR03,12.474
20170127,ID000BHFV04,4.951
20170127,ID000BHFWK0,153.394
20170127,ID000BHG1H1,96.824
20170127,ID000BHG4W8,43.73
20170127,ID000BHG8W9,16.713
20170127,ID000BHGD76,16.07
20170127,ID000BHGGG9,25.588
20170127,ID000BHGVG6,3.675
20170127,ID000BHH9P4,1.092
20170127,ID000BHHD02,3.356
20170127,ID000BHHJP2,911.03
20170127,ID000BHHQM9,82.187
20170127,ID000BHJ115,22.57
20170127,ID000BHJB22,268.259
20170127,ID000BHJJP0,203.418
20170127,ID000BHJP67,1.099
20170127,ID000BHK1Y7,53.567
20170127,ID000BHK9M3,176.011
20170127,ID000BHLPS0,0.106
20170127,ID000BHLVR8,19.064
20170127,ID000BHMV33,0.072
20170127,ID000BHMXV8,15.8
20170127,ID000BHN0P6,62.022
20170127,ID000BHNBW4,2.604
20170127,ID000BHNM23,0.129
20170127,ID000BHP1D5,44.065
20170127,ID000BHPDD9,2.531
20170127,ID000BHPFH0,79.318
20170127,ID000BHPQF8,104.886
20170127,ID000BHPST9,565.938
20170127,ID000BHQGZ7,331.749
20170127,ID000BHQKJ6,1.853
20170127,ID000BHQPY8,0.1
20170127,ID000BHR1V3,17.747
20170127,ID000BHR3B1,7.822
20170127,ID000BHRHG5,148.117
20170127,ID000BHRND5,2.994
20170127,ID000BHRPN9,84.637
20170127,ID000BHRQW7,75.696
20170127,ID000BHRV47,8.439
20170127,ID000BHSLN7,653.923
20170127,ID000BHSW44,10.298
20170127,ID000BHV335,166.949
20170127,ID000BHVM79,1559.884
20170127,ID000BHVZK5,261.558
20170127,ID000BHW496,6.959
20170127,ID000BHWWK1,629.293
20170127,ID000BHWXX5,159.994
20170127,ID000BHX2C5,1456.924
20170127,ID000BHXCG9,2000.0
20170127,ID000BHXGK5,14.639
20170127,ID000BHXQJ5,133.0
20170127,ID000BHXW20,0.5
20170127,ID000BHY1P2,60.499
20170127,ID000BHY2Z9,29.415
20170127,ID000BHYBX1,35.0
20170127,ID000BHYCS5,20.487
20170127,ID000BHYF44,2.5
20170127,ID000BHYSK8,34.561
20170127,ID000BHYWB9,278.758
20170127,ID000BHZ1K6,1.0
20170127,ID000BHZ233,3.0
20170127,ID000BHZ457,5.877
20170127,ID000BHZ581,6.117
20170127,ID000BHZ8R4,3.539
20170127,ID000BHZL40,1.0
20170127,ID000BHZY42,24.452
20170127,ID000BJ01S2,2.0
20170127,ID000BJ0CP1,117.241
20170127,ID000BJ0MC3,10.0
20170127,ID000BJ0QX1,0.4
20170127,ID000BJ0W95,1.5
20170127,ID000BJ0X75,11.533
20170127,ID000BJ1V87,9.545
20170127,ID000BJ4G87,67.739
20170127,ID000BJ4WL7,4360.496
20170127,ID000BJ5F24,481.308
20170127,ID000BJ5VQ3,57.238
20170127,ID000BJ6RG2,0.028
20170127,ID000BJ7WR8,3.039
20170127,ID000BJ8S87,0.675
20170127,ID000BJ8YJ2,336.163
20170127,ID000BJ94B5,39.172
20170127,ID000BJBHZ7,0.198
20170127,ID000BJBJM7,221.545
20170127,ID000BJDSW4,478.142
20170127,ID000BJFX33,30.428
20170127,ID000BJFZF5,4.29
20170127,ID000BJK5B9,6.608
20170127,ID000BJKHK3,173.5
20170127,ID000BJKWF6,3.0
20170127,ID000BJKZ32,128.0
20170127,ID000BJL2Z9,71.399
20170127,ID000BJN4H3,200.3
20170127,ID000BJNC94,2109.137
20170127,ID000BJNP59,2435.285
20170127,ID000BJNVX5,12.422
20170127,ID000BJNW72,2.902
20170127,ID000BJPV45,2.24
20170127,ID000BJQ845,98.443
20170127,ID000BJSH61,5.198
20170127,ID000BJW6Q8,857.68
20170127,ID000BJWBN0,137.801
20170127,ID000BJWG04,90.913
20170127,ID000BJWPJ4,18.784
20170127,ID000BJYQS0,123.265
20170127,ID000BJZBP5,6.777
20170127,ID000BJZY48,0.5
20170127,ID000BJZZ27,21.2
20170127,ID000BK00V7,3.639
20170127,ID000BK0207,38.55
20170127,ID000BK0D58,255.751
20170127,ID000BK0LN0,1.01
20170127,ID000BK1FW2,13.997
20170127,ID000BK1NQ2,80.599
20170127,ID000BK2NY2,1.425
20170127,ID000BK4338,10166.68
20170127,ID000BK5WS6,20.0
20170127,ID000BK7FX5,26.821
20170127,ID000BK7LX2,104.32
20170127,ID000BK7VP9,15.506
20170127,ID000BK8DZ7,29.768
20170127,ID000BK8V96,1559.884
20170127,ID000BKC8J1,9.433
20170127,ID000BKCD73,20.06
20170127,ID000BKD1G8,172.951
20170127,ID000BKD7J2,295.722
20170127,ID000BKDHR1,561.388
20170127,ID000BKFLX3,247.651
20170127,ID000BKFP37,1442.541
20170127,ID000BKFQM4,351.505
20170127,ID000BKH1G4,2239.686
20170127,ID000BKKHK0,0.721
20170127,ID000BKMDB7,34.563
20170127,ID000BKMFL1,1256.413
20170127,ID000BKNKY5,356.277
20170127,ID000BKP5R4,10.795
20170127,ID000BKPC35,60.35
20170127,ID000BKQ3D3,22.876
20170127,ID000BKQ4G8,2.766
20170127,ID000BKR020,15203.12
20170127,ID000BKRMZ6,1.0
20170127,ID000BKSFD4,65.69
20170127,ID000BKSX45,21.079
20170127,ID000BKT233,1.273
20170127,ID000BKT5S9,29.94
20170127,ID000BKTKV2,76.06
20170127,ID000BKVR99,278.995
20170127,ID000BKWWP9,20.834
20170127,ID000BKX6K0,6.5
20170127,ID000BKYTM7,84.0
20170127,ID000BKZ5H4,4.295
20170127,ID000BKZV78,5836.055
20170127,ID000BL0B69,4.284
20170127,ID000BL0JG1,0.12
20170127,ID000BL1Y04,4.526
20170127,ID000BL2800,35.667
20170127,ID000BL2JL3,0.117
20170127,ID000BL2JZ8,1.733
20170127,ID000BL36K1,19.786
20170127,ID000BL3ML5,27.064
20170127,ID000BL3VV4,7.84
20170127,ID000BL3YN7,40.022
20170127,ID000BL4DX1,100.67
20170127,ID000BL4Y74,259.796
20170127,ID000BL60R4,42.403
20170127,ID000BL61N6,20.2
20170127,ID000BL6J84,120.0
20170127,ID000BL6KM5,15.736
20170127,ID000BL7KN3,0.223
20170127,ID000BL7M31,7.214
20170127,ID000BL7S92,327.273
20170127,ID000BL8591,8.034
20170127,ID000BL94K0,31.807
20170127,ID000BL9DL9,2340.832
20170127,ID000BL9QB1,15.24
20170127,ID000BLID6,25.585
20170127,ID000BLBMH1,0.424
20170127,ID000BLBQW5,60.316
20170127,ID000BLBR80,7.9
20170127,ID000BLBTN9,76.32
20170127,ID000BLBX23,1.577
20170127,ID000BLBZG3,0.262
20170127,ID000BLC3R1,1169.865
20170127,ID000BLC667,10.833
20170127,ID000BLC827,0.683
20170127,ID000BLCGS1,0.619
20170127,ID000BLCJ23,52.153
20170127,ID000BLCMT7,130.551
20170127,ID000BLCSJ5,1.88
20170127,ID000BLD1M9,113.719
20170127,ID000BLD4P0,53.219
20170127,ID000BLDDC4,154.788
20170127,ID000BLDTM8,3.524
20170127,ID000BLDW96,43.617
20170127,ID000BLDZG1,20.995
20170127,ID000BLF1W6,119.047
20170127,ID000BLF7V4,1.652
20170127,ID000BLF9X8,0.091
20170127,ID000BLFDN0,2.927
20170127,ID000BLFJ11,21.153
20170127,ID000BLFJG5,178.132
20170127,ID000BLFV78,42.617
20170127,ID000BLGLP9,388.876
20170127,ID000BLGS10,412.039
20170127,ID000BLGVF8,18.113
20170127,ID000BLH038,6.221
20170127,ID000BLH5Y3,7.176
20170127,ID000BLHLC2,0.711
20170127,ID000BLHNM7,0.488
20170127,ID000BLHQ59,824.005
20170127,ID000BLHSP3,54.024
20170127,ID000BLHVY6,9.662
20170127,ID000BLJTY9,6.108
20170127,ID000BLL2B0,15.664
20170127,ID000BLL596,1524.407
20170127,ID000BLL8D5,256.256
20170127,ID000BLLHB7,60.097
20170127,ID000BLMBL8,38.027
20170127,ID000BLMTR3,15.082
20170127,ID000BLN4B4,0.277
20170127,ID000BLN825,5.506
20170127,ID000BLNGP2,82.79
20170127,ID000BLNNJ4,111.111
20170127,ID000BLNW95,7.2
20170127,ID000BLP7Y0,91.811
20170127,ID000BLPH32,10.383
20170127,ID000BLPMB2,70.778
20170127,ID000BLQ6R9,10.251
20170127,ID000BLQMM9,32.504
20170127,ID000BLQMV9,6.5
20170127,ID000BLQR75,33.109
20170127,ID000BLR8K1,3.436
20170127,ID000BLRBL3,0.342
20170127,ID000BLRWP3,11.543
20170127,ID000BLS2H7,1.105
20170127,ID000BLSXQ9,44.549
20170127,ID000BLT3C9,2.4
20170127,ID000BLT6L2,16.875
20170127,ID000BLTCP5,9.0
20170127,ID000BLTKZ6,45.906
20170127,ID000BLV7B8,33.699
20170127,ID000BLV8N3,198.0
20170127,ID000BLW1R3,2.762
20170127,ID000BLW594,118.858
20170127,ID000BLXMC2,3.318
20170127,ID000BLXQ15,11108.65
20170127,ID000BLYCW1,144.54
20170127,ID000BLYFY2,10.756
20170127,ID000BLYM22,10.06
20170127,ID000BLZXN4,10.25
20170127,ID000BM0LG4,29.374
20170127,ID000BM0RQ0,10.524
20170127,ID000BM0T68,1.442
20170127,ID000BM1B48,2.71
20170127,ID000BM1FW8,64.197
20170127,ID000BM1H27,20.97
20170127,ID000BM2666,83.126
20170127,ID000BM44X9,0.198
20170127,ID000BM4B81,57.017
20170127,ID000BM5CZ8,0.493
20170127,ID000BM5G98,5.386
20170127,ID000BM67Q8,2.333
20170127,ID000BM6HN9,262.968
20170127,ID000BM82C2,524.28
20170127,ID000BM8PW9,88.716
20170127,ID000BM9J25,1460.672
20170127,ID000BM9P49,2.817
20170127,ID000BM9V55,150.0
20170127,ID000BMB7L7,3088.047
20170127,ID000BMC2V6,12.872
20170127,ID000BMC6J1,7.848
20170127,ID000BMC941,358.586
20170127,ID000BMCHW2,35.509
20170127,ID000BMCVS6,225.387
20170127,ID000BMD655,65.907
20170127,ID000BMDFR1,14.4
20170127,ID000BMDJJ2,54.1
20170127,ID000BMDVG8,35.314
20170127,ID000BMFJK8,35.537
20170127,ID000BMGF70,117.791
20170127,ID000BMH1C4,215.765
20170127,ID000BMHW18,318.392
20170127,ID000BMJ2J3,0.389
20170127,ID000BMJCK9,57.26
20170127,ID000BMJGN7,31.593
20170127,ID000BMJVK7,48.003
20170127,ID000BMK176,281.359
20170127,ID000BMK960,41.487
20170127,ID000BMKCT8,139.203
20170127,ID000BMKFV8,7.662
20170127,ID000BMKZX2,12.348
20170127,ID000BMLDR7,945.0
20170127,ID000BMLWY7,134.522
20170127,ID000BMM5P5,266.944
20170127,ID000BMM5R3,31.4
20170127,ID000BMMXX5,264.439
20170127,ID000BMNL06,47.77
20170127,ID000BMNQ96,6.322
20170127,ID000BMP0M6,6.3
20170127,ID000BMP3D0,1.953
20170127,ID000BMP3T3,1019.971
20170127,ID000BMQG40,454.695
20170127,ID000BMQJ17,8.8
20170127,ID000BMQL49,50.22
20170127,ID000BMQRH2,493.512
20170127,ID000BMSMW4,37.527
20170127,ID000BMT5N0,261.73
20170127,ID000BMTNZ8,8.275
20170127,ID000BMTRX1,1306.11
20170127,ID000BMTW42,429.8
20170127,ID000BMV1Z3,429.8
20170127,ID000BMVWD9,418.372
20170127,ID000BMVZ33,351.8
20170127,ID000BMW3R7,314.665
20170127,ID000BMW6V5,20.871
20170127,ID000BMWCH8,1.185
20170127,ID000BMWHC2,95.0
20170127,ID000BMWK62,62.342
20170127,ID000BMWY99,377.528
20170127,ID000BMX5Y3,0.115
20170127,ID000BMX6S8,39.454
20170127,ID000BMXCK3,377.528
20170127,ID000BMXF26,93.564
20170127,ID000BMY1G1,109.272
20170127,ID000BMYGS5,826.948
20170127,ID000BMYQ49,575.745
20170127,ID000BMZ8K0,34.262
20170127,ID000BMZMX5,10.143
20170127,ID000BN07H2,37.935
20170127,ID000BN08S8,100.111
20170127,ID000BN0KY4,617.782
20170127,ID000BN0P46,1080.125
20170127,ID000BN1745,332.392
20170127,ID000BN1RD1,83.616
20170127,ID000BN2F37,0.168
20170127,ID000BN2F82,63.874
20170127,ID000BN2MD1,8.122
20170127,ID000BN3FB7,6.063
20170127,ID000BN4387,3217.188
20170127,ID000BN4PQ8,14.202
20170127,ID000BN5WF4,1726.2
20170127,ID000BN6DP4,112.0
20170127,ID000BN71Y9,164.132
20170127,ID000BN7CL9,122.688
20170127,ID000BN7QX5,1.145
20170127,ID000BN8Y58,120.862
20170127,ID000BN95B3,198.737
20170127,ID000BNB2L6,6.6
20170127,ID000BNC486,33.259
20170127,ID000BNCGQ9,99.451
20170127,ID000BNCNQ4,0.633
20170127,ID000BNG1W1,125.53
20170127,ID000BNG2M0,30.84
20170127,ID000BNGZC8,160.0
20170127,ID000BNJ6J2,10.15
20170127,ID000BNJWJ5,14.431
20170127,ID000BNKLQ9,2910.452
20170127,ID000BNKM96,23.64
20170127,ID000BNL681,49.797
20170127,ID000BNMG88,383.205
20170127,ID000BNMXN4,182.974
20170127,ID000BNNHC0,171.693
20170127,ID000BNP1C3,68.283
20170127,ID000BNP507,11.541
20170127,ID000BNPK40,0.04
20170127,ID000BNQJK4,0.316
20170127,ID000BNS2N6,15.545
20170127,ID000BNSF20,15859.79
20170127,ID000BNTD42,67.358
20170127,ID000BNV243,702.563
20170127,ID000BNVB07,1.14
20170127,ID000BNW484,7.958
20170127,ID000BNWF16,4.363
20170127,ID000BNWJ09,8.984
20170127,ID000BNX7B2,403.209
20170127,ID000BNXPF8,0.211
20170127,ID000BNXXL4,0.911
20170127,ID000BNY044,0.328
20170127,ID000BNY5D3,0.379
20170127,ID000BNY8T0,6.215
20170127,ID000BNYT78,4.796
20170127,ID000BNZJM2,184.291
20170127,ID000BNZT31,96.0
20170127,ID000BP01L5,417.03
20170127,ID000BP0CX8,163.935
20170127,ID000BP0PS5,0.074
20170127,ID000BP0VN7,0.421
20170127,ID000BP1P40,4.967
20170127,ID000BP2Z10,9.887
20170127,ID000BP3DM5,254.244
20170127,ID000BP3T31,41.523
20170127,ID000BP4BL9,5.403
20170127,ID000BP53L6,5836.055
20170127,ID000BP57F4,2.025
20170127,ID000BP5D16,116.198
20170127,ID000BP5GK8,107.243
20170127,ID000BP5RL3,3.977
20170127,ID000BP5SQ6,0.009
20170127,ID000BP5TK0,1133.86
20170127,ID000BP67W4,734.939
20170127,ID000BP6FX5,1.428
20170127,ID000BP6NG7,107.761
20170127,ID000BP6XB0,4.125
20170127,ID000BP7156,41.157
20170127,ID000BP72Q1,234.31
20170127,ID000BP7WM9,0.062
20170127,ID000BP8BV4,850.0
20170127,ID000BP8GL4,49.627
20170127,ID000BP9FR9,42.802
20170127,ID000BP9SM6,12.0
20170127,ID000BPBC75,0.197
20170127,ID000BPBHN6,0.672
20170127,ID000BPBWC5,20.837
20170127,ID000BPCDZ1,161.054
20170127,ID000BPCK94,3656.538
20170127,ID000BPCVT8,56.396
20170127,ID000BPCZ00,0.033
20170127,ID000BPD4W3,42.994
20170127,ID000BPFND0,7.015
20170127,ID000BPFPK7,5488.53
20170127,ID000BPFPY2,283.841
20170127,ID000BPGMM1,2.7
20170127,ID000BPGP44,150.0
20170127,ID000BPH9Y6,20.014
20170127,ID000BPHXS0,59.76
20170127,ID000BPJ2H8,0.3
20170127,ID000BPKGL0,2.291
20170127,ID000BPKN35,12.028
20170127,ID000BPL8W5,309.0
20170127,ID000BPLBN8,26.247
20170127,ID000BPMLL7,298.759
20170127,ID000BPMS69,62.133
20170127,ID000BPN0Z7,118.511
20170127,ID000BPNDM3,0.294
20170127,ID000BPP7Q0,10.992
20170127,ID000BPPMJ5,27.971
20170127,ID000BPPPB6,7.92
20170127,ID000BPQF36,146.499
20170127,ID000BPQPP0,156.209
20170127,ID000BPR1M5,394.885
20170127,ID000BPR7Q8,1.66
20170127,ID000BPRBC4,9.347
20170127,ID000BPRXZ1,1.8
20170127,ID000BPSLM0,17.671
20170127,ID000BPSQW8,36.112
20170127,ID000BPT4H3,5.36
20170127,ID000BPTQK0,109.067
20170127,ID000BPTVD7,3.101
20170127,ID000BPV0D2,1.104
20170127,ID000BPVN88,274.0
20170127,ID000BPVTB1,10.0
20170127,ID000BPWBS1,1.827
20170127,ID000BPWG46,33.497
20170127,ID000BPWR97,29.306
20170127,ID000BPWRY9,1.5
20170127,ID000BPWV70,25.314
20170127,ID000BPX086,30.0
20170127,ID000BPX2K8,1.683
20170127,ID000BPX479,9.997
20170127,ID000BPX7Y2,135.382
20170127,ID000BPXBH2,0.255
20170127,ID000BPXD42,112.519
20170127,ID000BPXFV7,0.908
20170127,ID000BPXH52,216.571
20170127,ID000BPXM24,73.207
20170127,ID000BPXQG0,0.73
20170127,ID000BPXYN5,5.597
20170127,ID000BPY717,95.04
20170127,ID000BPY977,3.544
20170127,ID000BPYC43,5.717
20170127,ID000BPYCJ7,0.44
20170127,ID000BPYS20,51.394
20170127,ID000BPYTH2,39.42
20170127,ID000BPYW94,1.733
20170127,ID000BPYXW6,43.069
20170127,ID000BPZT45,1.08
20170127,ID000BQ03P5,0.825
20170127,ID000BQ0TN0,2200.787
20170127,ID000BQ1KT2,0.421
20170127,ID000BQ1MK7,1.2
20170127,ID000BQ1Z64,816.759
20170127,ID000BQ23X4,15.317
20170127,ID000BQ2916,388.909
20170127,ID000BQ33Q1,47.495
20170127,ID000BQ40H6,0.882
20170127,ID000BQ4861,1379.273
20170127,ID000BQ49H7,149.609
20170127,ID000BQ5370,32.196
20170127,ID000BQ5F19,0.33
20170127,ID000BQ5NZ5,151.008
20170127,ID000BQ5V87,2.15
20170127,ID000BQ5Y54,0.489
20170127,ID000BQ5YC6,105.876
20170127,ID000BQ5YP2,416.374
20170127,ID000BQ6GQ9,58.051
20170127,ID000BQ6LD2,44.216
20170127,ID000BQ6V68,22.623
20170127,ID000BQ8WK8,3.209
20170127,ID000BQ9LV9,43.958
20170127,ID000BQB1D0,118.517
20170127,ID000BQB2B0,78.075
20170127,ID000BQB9Y0,30.702
20170127,ID000BQCV89,54.063
20170127,ID000BQFDC1,25.834
20170127,ID000BQFMZ6,221.381
20170127,ID000BQG0G4,89.4
20170127,ID000BQG341,0.43
20170127,ID000BQG7R7,211.205
20170127,ID000BQG984,33.901
20170127,ID000BQGC41,5.558
20170127,ID000BQGN92,18.517
20170127,ID000BQGRK0,134.475
20170127,ID000BQGTC5,41.499
20170127,ID000BQGTY1,339.759
20170127,ID000BQHFT6,21.3
20170127,ID000BQHGF9,350.272
20170127,ID000BQHHG6,48.418
20170127,ID000BQJ8Y4,32.683
20170127,ID000BQJHC8,18.365
20170127,ID000BQJMW5,22.56
20170127,ID000BQJSY0,6.946
20170127,ID000BQJY31,575.4
20170127,ID000BQK6R4,0.199
20170127,ID000BQL0T4,3.049
20170127,ID000BQL6N7,4.57
20170127,ID000BQLJ13,1.51
20170127,ID000BQLL54,142.494
20170127,ID000BQM3T7,123.378
20170127,ID000BQM8C4,120.0
20170127,ID000BQNFK8,11.232
20170127,ID000BQNJ93,2.276
20170127,ID000BQNK27,10.743
20170127,ID000BQNKM5,505.597
20170127,ID000BQNMV1,11.924
20170127,ID000BQNNL0,132.466
20170127,ID000BQPF08,45.868
20170127,ID000BQR198,154.788
20170127,ID000BQRVZ3,6.25
20170127,ID000BQRZX6,51.4
20170127,ID000BQSCL9,9.902
20170127,ID000BQSL57,35.544
20170127,ID000BQSZZ3,276.605
20170127,ID000BQT4H1,18.337
20170127,ID000BQV228,9.64
20170127,ID000BQVP54,24.653
20170127,ID000BQW307,49.263
20170127,ID000BQWFD6,122.7
20170127,ID000BQX0L9,70.564
20170127,ID000BQXJ29,1132.006
20170127,ID000BQXQP8,72.24
20170127,ID000BQXX19,97.368
20170127,ID000BQY0Y4,2.8
20170127,ID000BQY2W2,4.664
20170127,ID000BQY715,707.372
20170127,ID000BQYDK1,0.304
20170127,ID000BQYJ64,174.681
20170127,ID000BQYSH2,3.556
20170127,ID000BQZ769,146.258
20170127,ID000BR07V7,521.865
20170127,ID000BR0863,51.787
20170127,ID000BR0GF5,1254.386
20170127,ID000BR0HH1,325.222
20170127,ID000BR1VQ9,106.663
20170127,ID000BR2095,62.569
20170127,ID000BR23T7,335.839
20170127,ID000BR3LP0,3.5
20170127,ID000BR5RC9,1864.374
20170127,ID000BR5SD6,983.713
20170127,ID000BR6N64,6.476
20170127,ID000BR6PL2,8.823
20170127,ID000BR79G3,1249.638
20170127,ID000BR7M47,2001.0
20170127,ID000BR82H6,117.527
20170127,ID000BR83P5,0.573
20170127,ID000BR8552,356.823
20170127,ID000BR86Q7,11.644
20170127,ID000BR8MG3,5.925
20170127,ID000BR8S07,915.0
20170127,ID000BRB647,4.977
20170127,ID000BRBCY1,7.737
20170127,ID000BRBDY9,6.908
20170127,ID000BRC2N4,286.043
20170127,ID000BRC842,24.55
20170127,ID000BRCRQ6,15.675
20170127,ID000BRCVQ7,2074.549
20170127,ID000BRDMH6,20.1
20170127,ID000BRF9N6,16.24
20170127,ID000BRFCC1,128.061
20170127,ID000BRFD84,9.276
20170127,ID000BRG1Z9,107.323
20170127,ID000BRJ5D1,3.519
20170127,ID000BRJTZ5,32.081
20170127,ID000BRJVY1,3.767
20170127,ID000BRKX02,24.125
20170127,ID000BRLHV2,303.96
20170127,ID000BRLZP9,12.532
20170127,ID000BRMNW7,527.482
20170127,ID000BRN3X9,4.499
20170127,ID000BRNFF2,160.255
20170127,ID000BRP1T6,3.771
20170127,ID000BRP3G6,558.8
20170127,ID000BRP4C8,889.993
20170127,ID000BRP722,128.136
20170127,ID000BRPK50,20.731
20170127,ID000BRPM65,252.716
20170127,ID000BRPMD7,82.383
20170127,ID000BRPN09,0.062
20170127,ID000BRPP68,55.303
20170127,ID000BRPQF6,1.822
20170127,ID000BRPRP3,0.248
20170127,ID000BRPSM4,0.97
20170127,ID000BRPWD5,0.258
20170127,ID000BRQ0C5,1.692
20170127,ID000BRQCY5,20.701
20170127,ID000BRQND4,4.472
20170127,ID000BRQVN5,1.5
20170127,ID000BRRQX4,49.892
20170127,ID000BRRS24,5120.5
20170127,ID000BRRY76,31.683
20170127,ID000BRRZQ2,235.655
20170127,ID000BRS159,7.905
20170127,ID000BRS7L8,38.877
20170127,ID000BRSFQ5,5.685
20170127,ID000BRSN06,56.735
20170127,ID000BRT1B1,0.113
20170127,ID000BRT5T3,188.427
20170127,ID000BRTGX4,1632.571
20170127,ID000BRV5T0,4.15
20170127,ID000BRV6T8,1.355
20170127,ID000BRV8L2,8.952
20170127,ID000BRVG61,183.211
20170127,ID000BRVJF5,42.262
20170127,ID000BRW172,25.624
20170127,ID000BRW4V9,0.4
20170127,ID000BRW733,0.075
20170127,ID000BRWQD0,73.45
20170127,ID000BRWZX8,6.0
20170127,ID000BRX5L6,273.201
20170127,ID000BRXYH8,17.7
20170127,ID000BRY3K1,470.747
20170127,ID000BRYT24,628.535
20170127,ID000BRZ0W3,0.103
20170127,ID000BRZ213,0.103
20170127,ID000BS04Y9,7.0
20170127,ID000BS09D1,179.479
20170127,ID000BS09X9,4.0
20170127,ID000BS0JW8,6.798
20170127,ID000BS0RG8,34.25
20170127,ID000BS0RN0,0.85
20170127,ID000BS0SP6,21.375
20170127,ID000BS11F5,74.109
20170127,ID000BS1MT4,19865.75
20170127,ID000BS1P17,74.109
20170127,ID000BS1PP1,19.297
20170127,ID000BS1Q06,9.425
20170127,ID000BS1TJ0,35.269
20170127,ID000BS1XM7,3.382
20170127,ID000BS1Y72,2.658
20170127,ID000BS24R5,66.785
20170127,ID000BS25H3,2.991
20170127,ID000BS3BJ7,547.208
20170127,ID000BS3HK2,0.831
20170127,ID000BS3KW2,327.367
20170127,ID000BS3YF1,702.097
20170127,ID000BS4849,148.21
20170127,ID000BS4BP9,11.692
20170127,ID000BS4GK3,8.5
20170127,ID000BS4XB6,419.655
20170127,ID000BS5786,4.166
20170127,ID000BS5F15,235.707
20170127,ID000BS5M47,169.016
20170127,ID000BS6286,850.0
20170127,ID000BS64Z2,197.241
20170127,ID000BS67L0,1707.864
20170127,ID000BS6936,2516.677
20170127,ID000BS6LN7,4.941
20170127,ID000BS7846,14.829
20170127,ID000BS7BQ5,4.348
20170127,ID000BS7H00,7.341
20170127,ID000BS7YX7,850.0
20170127,ID000BS8079,2.348
20170127,ID000BS8DV4,325.484
20170127,ID000BS8W88,276.452
20170127,ID000BS9318,3475.897
20170127,ID000BSB930,3.78
20170127,ID000BSBF36,5.293
20170127,ID000BSBVW9,4.99
20170127,ID000BSC8H6,49.499
20170127,ID000BSCY61,26.835
20170127,ID000BSDBR7,161.358
20170127,ID000BSFNQ0,3.146
20170127,ID000BSFS52,43.197
20170127,ID000BSFTZ7,51.25
20170127,ID000BSGGQ4,60.014
20170127,ID000BSGL74,1.101
20170127,ID000BSGRJ8,4.286
20170127,ID000BSHNV2,230.409
20170127,ID000BSJ7R0,26.01
20170127,ID000BSJVR7,522.0
20170127,ID000BSK057,10.534
20170127,ID000BSK6S9,171.156
20170127,ID000BSKJ38,0.504
20170127,ID000BSKLW1,2293.749
20170127,ID000BSMSV5,39.0
20170127,ID000BSMX08,0.215
20170127,ID000BSN5S8,3.4
20170127,ID000BSNX70,190.0
20170127,ID000BSNY78,87.0
20170127,ID000BSP5X0,165.392
20170127,ID000BSPM63,9.0
20170127,ID000BSPPC9,12.3
20170127,ID000BSPYW8,10.7
20170127,ID000BSRQG1,16.068
20170127,ID000BSSB19,13.417
20170127,ID000BSSCW3,8.458
20170127,ID000BSTF00,35.693
20170127,ID000BSTF37,55.678
20170127,ID000BSTSV8,536.878
20170127,ID000BSV4V8,22.27
20170127,ID000BSV6W2,192.495
20170127,ID000BSVKC3,4.139
20170127,ID000BSWKL2,81.161
20170127,ID000BSX0W3,419.416
20170127,ID000BSXH38,48.85
20170127,ID000BSYWP0,38.5
20170127,ID000BSZKW7,8174.645
20170127,ID000BT0048,35.363
20170127,ID000BT0725,50.342
20170127,ID000BT09Y6,565.222
20170127,ID000BT0ZM1,466.34
20170127,ID000BT17G9,220.054
20170127,ID000BT20Q2,4.282
20170127,ID000BT3HZ4,8.983
20170127,ID000BT3V92,24.252
20170127,ID000BT3VD7,135.304
20170127,ID000BT58Y3,32.901
20170127,ID000BT5MX3,8470.583
20170127,ID000BT5SP9,1087.05
20170127,ID000BT6CM6,0.393
20170127,ID000BT7069,206.91
20170127,ID000BT76T1,2.938
20170127,ID000BT7DQ9,19.111
20170127,ID000BT7MJ7,32363.28
20170127,ID000BT7RH8,110.549
20170127,ID000BT86T0,0.267
20170127,ID000BT89D1,0.3
20170127,ID000BT8DX0,0.409
20170127,ID000BT8FB9,0.088
20170127,ID000BT8YL7,832.698
20170127,ID000BT95Y5,0.584
20170127,ID000BT96B8,8.09
20170127,ID000BT9833,0.06
20170127,ID000BT9D50,0.286
20170127,ID000BT9FJ0,1.74
20170127,ID000BT9GD4,0.4
20170127,ID000BT9J48,0.377
20170127,ID000BTB7L2,329.934
20170127,ID000BTB947,1392.144
20170127,ID000BTBS63,953.598
20170127,ID000BTBVC9,185.668
20170127,ID000BTBWD6,21.526
20170127,ID000BTBWZ2,3475.897
20170127,ID000BTC1R8,109.602
20170127,ID000BTC786,12.65
20170127,ID000BTCDC8,79.505
20170127,ID000BTD2X8,117.762
20170127,ID000BTDJ70,47.478
20170127,ID000BTFR70,60.0
20170127,ID000BTFZ63,2.102
20170127,ID000BTG0S5,1838.797
20170127,ID000BTGT20,81.905
20170127,ID000BTHL71,10.388
20170127,ID000BTHT38,155.343
20170127,ID000BTHTW6,6.318
20170127,ID000BTJYT7,45.927
20170127,ID000BTKM11,81.564
20170127,ID000BTM3X6,32363.28
20170127,ID000BTMCW7,15.697
20170127,ID000BTMDZ2,3.561
20170127,ID000BTN3B9,37.954
20170127,ID000BTN524,597.659
20170127,ID000BTNPW7,125.108
20170127,ID000BTQF92,14.653
20170127,ID000BTQM79,0.047
20170127,ID000BTRVB3,16.518
20170127,ID000BTT2S7,58324.98
20170127,ID000BTT6G1,73.055
20170127,ID000BTV3D8,4.125
20170127,ID000BTV7R4,2.278
20170127,ID000BTVMD6,3112.16
20170127,ID000BTWQJ0,69.333
20170127,ID000BTXK48,4.95
20170127,ID000BTZSM9,54.713
20170127,ID000BTZX93,182.003
20170127,ID000BV0F59,1.6
20170127,ID000BV1FV9,463.495
20170127,ID000BV28R9,37.686
20170127,ID000BV2V61,256.128
20170127,ID000BV33C5,1.98
20170127,ID000BV3GP2,160.8
20170127,ID000BV4YD5,31.676
20170127,ID000BV57S7,78.708
20170127,ID000BV5MD0,73.0
20170127,ID000BV6341,0.494
20170127,ID000BV72J6,12.217
20170127,ID000BV7HW8,240.413
20170127,ID000BV7WV6,1914.449
20170127,ID000BV9320,4.151
20170127,ID000BV96H7,237.505
20170127,ID000BVB443,162.812
20170127,ID000BVBP73,393.338
20170127,ID000BVBYJ1,918.479
20170127,ID000BVBYQ3,238.296
20170127,ID000BVCGL6,544.164
20170127,ID000BVCK82,43.411
20170127,ID000BVCKL7,5.631
20170127,ID000BVCVZ8,5.044
20170127,ID000BVCW95,47.25
20170127,ID000BVD9H6,367.702
20170127,ID000BVDBF3,0.813
20170127,ID000BVDF55,6.189
20170127,ID000BVDY54,3882.92
20170127,ID000BVDZV2,107.76
20170127,ID000BVFLJ5,92.7
20170127,ID000BVFXL6,2543.819
20170127,ID000BVFYF1,8174.645
20170127,ID000BVGMQ4,66.694
20170127,ID000BVGPY8,12.529
20170127,ID000BVGYM2,154.788
20170127,ID000BVHW90,702.563
20170127,ID000BVJ2V9,629.169
20170127,ID000BVJ533,918.479
20170127,ID000BVKQ53,77.639
20170127,ID000BVKT57,40.904
20170127,ID000BVLHD3,40.322
20170127,ID000BVM7D4,37.593
20170127,ID000BVMJW7,4.365
20170127,ID000BVN9S3,464.263
20170127,ID000BVPH03,519.996
20170127,ID000BVPNR1,4.283
20170127,ID000BVPSS9,160.295
20170127,ID000BVPZL0,2089.897
20170127,ID000BVQ866,30.84
20170127,ID000BVQZ75,50.0
20170127,ID000BVRB40,116.0
20170127,ID000BVRS89,36.977
20170127,ID000BVSBV9,156.324
20170127,ID000BVSKH5,248.305
20170127,ID000BVT863,53.758
20170127,ID000BVT8G2,2.75
20170127,ID000BVT8Z1,101.824
20170127,ID000BVTCL7,555.28
20170127,ID000BVTD71,143.255
20170127,ID000BVTFV9,50.414
20170127,ID000BVTJK3,3878.484
20170127,ID000BVTMG1,52.0
20170127,ID000BVTPG4,77.145
20170127,ID000BVTTJ3,319.617
20170127,ID000BVTVP1,35.896
20170127,ID000BVVFG3,17.0
20170127,ID000BVVG99,15.328
20170127,ID000BVVR77,578.15
20170127,ID000BVVWT2,609.581
20170127,ID000BVW075,468.732
20170127,ID000BVW3Z8,16.516
20170127,ID000BVX699,0.5
20170127,ID000BVYWW5,50.723
20170127,ID000BW0JX8,8.088
20170127,ID000BW0QD4,13.977
20170127,ID000BW1NS4,1.1
20170127,ID000BW1RD1,61.774
20170127,ID000BW2KX3,5.394
20170127,ID000BW2S93,6.167
20170127,ID000BW3DH6,17.278
20170127,ID000BW3FN4,7.021
20170127,ID000BW3G98,1.427
20170127,ID000BW3HQ7,26.754
20170127,ID000BW4519,252.176
20170127,ID000BW4BS7,2425.149
20170127,ID000BW4D21,1247.003
20170127,ID000BW4JD6,756.235
20170127,ID000BW4KL4,555.28
20170127,ID000BW4QS4,576.003
20170127,ID000BW4SH2,3878.484
20170127,ID000BW4TM4,561.856
20170127,ID000BW4XH1,311.34
20170127,ID000BW55T8,850.0
20170127,ID000BW5D75,1286.616
20170127,ID000BW5G41,295.09
20170127,ID000BW6697,117.527
20170127,ID000BW6KG8,6.586
20170127,ID000BW6ZB0,431.43
20170127,ID000BW87H4,66.784
20170127,ID000BW8SN1,0.854
20170127,ID000BW8VJ9,3.774
20170127,ID000BW92S2,167.888
20170127,ID000BWB9R5,1110.549
20170127,ID000BWBBF3,1292.022
20170127,ID000BWBGG1,0.707
20170127,ID000BWC3L3,91.377
20170127,ID000BWC8G8,12.0
20170127,ID000BWD715,4.917
20170127,ID000BWF7C1,1289.942
20170127,ID000BWFBB3,10.125
20170127,ID000BWG7D9,0.61
20170127,ID000BWGQS1,21.032
20170127,ID000BWGTT4,38.585
20170127,ID000BWGXP9,10.79
20170127,ID000BWH908,83.558
20170127,ID000BWK469,7.19
20170127,ID000BWKD32,24.0
20170127,ID000BWKSN7,35.76
20170127,ID000BWL3T5,0.102
20170127,ID000BWMYL4,7.09
20170127,ID000BWPGB1,11.812
20170127,ID000BWPJ70,7.399
20170127,ID000BWPKS4,444.884
20170127,ID000BWQ3S1,145.096
20170127,ID000BWR0K4,6.788
20170127,ID000BWRFG6,171.205
20170127,ID000BWS531,511.137
20170127,ID000BWSK92,21.75
20170127,ID000BWT5W8,29.839
20170127,ID000BWT8S7,38.799
20170127,ID000BWV7L3,0.66
20170127,ID000BWV9C9,7.898
20170127,ID000BWVFJ8,63.323
20170127,ID000BWVNP4,0.76
20170127,ID000BWVXS9,0.405
20170127,ID000BWWKJ6,0.828
20170127,ID000BWYBR5,9.802
20170127,ID000BWYCT1,309.935
20170127,ID000BWYGF7,6.582
20170127,ID000BWYKD0,1000.689
20170127,ID000BWYQX5,17.719
20170127,ID000BWYZF5,9.072
20170127,ID000BWZBM9,950.855
20170127,ID000BWZDP2,606.909
20170127,ID000BWZF40,606.909
20170127,ID000BX06K8,75.897
20170127,ID000BX0JM8,3.287
20170127,ID000BX0KG2,1226.489
20170127,ID000BX1057,165.349
20170127,ID000BX17Y0,5.084
20170127,ID000BX1HZ7,6.309
20170127,ID000BX21D5,15804.39
20170127,ID000BX23F9,2089.897
20170127,ID000BX25G3,812.0
20170127,ID000BX2JQ2,388.933
20170127,ID000BX2M58,0.655
20170127,ID000BX2SH2,3069.396
20170127,ID000BX2V67,261.756
20170127,ID000BX3HJ3,1156.348
20170127,ID000BX3LS4,45.0
20170127,ID000BX4HR3,9.288
20170127,ID000BX4S53,129.242
20170127,ID000BX63D7,65.61
20170127,ID000BX6KZ5,310.24
20170127,ID000BX6WM3,10.931
20170127,ID000BX7042,7.581
20170127,ID000BX7J69,1019.555
20170127,ID000BX7P83,0.17
20170127,ID000BX7V26,1.787
20170127,ID000BX8BP4,700.076
20170127,ID000BX9VY9,108.79
20170127,ID000BXB653,44.373
20170127,ID000BXBH59,3069.396
20170127,ID000BXBZ04,98.153
20170127,ID000BXCBM2,1585.128
20170127,ID000BXCDP5,42.107
20170127,ID000BXCGS5,15.792
20170127,ID000BXCT07,2.782
20170127,ID000BXF9J8,85.647
20170127,ID000BXFFW9,406.768
20170127,ID000BXFXF9,24.26
20170127,ID000BXG658,420.381
20170127,ID000BXG9L4,13.396
20170127,ID000BXH3S9,336.717
20170127,ID000BXH8N3,10.162
20170127,ID000BXHDR8,0.54
20170127,ID000BXHDS7,7.291
20170127,ID000BXHHP1,86.963
20170127,ID000BXJSZ4,609.462
20170127,ID000BXKL96,168.79
20170127,ID000BXLKM2,3.075
20170127,ID000BXLLP7,4.3
20170127,ID000BXLYW1,29.533
20170127,ID000BXN2G7,548.441
20170127,ID000BXNDK8,113.306
20170127,ID000BXNGD9,508.763
20170127,ID000BXNH74,11.723
20170127,ID000BXPVB6,43.632
20170127,ID000BXPWF0,99.773
20170127,ID000BXPWS6,14.55
20170127,ID000BXQHQ0,2214.743
20170127,ID000BXQXG6,88.0
20170127,ID000BXQY10,830.156
20170127,ID000BXR6C8,3.679
20170127,ID000BXR7X3,75.992
20170127,ID000BXRDS6,7.3
20170127,ID000BXRMP9,2214.743
20170127,ID000BXS012,78.658
20170127,ID000BXSZW1,15.564
20170127,ID000BXT618,143.652
20170127,ID000BXTJD7,13.098
20170127,ID000BXVPP7,0.899
20170127,ID000BXVQ57,16.0
20170127,ID000BXVRN5,533.408
20170127,ID000BXX1M1,1692.119
20170127,ID000BXXFS4,0.186
20170127,ID000BXXPH4,219.038
20170127,ID000BXYNR7,5.3
20170127,ID000BXZV70,8.219
20170127,ID000BXZXD9,0.623
20170127,ID000BXZZ62,12.177
20170127,ID000BY0K89,17.652
20170127,ID000BY18K1,30.545
20170127,ID000BY20V5,277.243
20170127,ID000BY25X2,9.1
20170127,ID000BY36M1,114.761
20170127,ID000BY9PN2,268.052
20170127,ID000BYCZP4,25.0
20170127,ID000BYDP02,0.32
20170127,ID000BYHCL4,30.545
20170127,ID000BYHWR4,1.3
20170127,ID000BYJCQ7,1.4
20170127,ID000BYJJH2,15.132
20170127,ID000BYK5F2,72.004
20170127,ID000BYLHP4,3065.71
20170127,ID000BYM0R8,282.416
20170127,ID000BYM169,365.108
20170127,ID000BYN2H4,21.769
20170127,ID000BYNK75,11.418
20170127,ID000BYNWD2,44.376
20170127,ID000BYP2J0,11.887
20170127,ID000BYPZQ9,69.13
20170127,ID000BYQLZ9,38.85
20170127,ID000BYQZH8,12.76
20170127,ID000BYR4L1,78.336
20170127,ID000BYSBM3,0.728
20170127,ID000BYSFW3,40.693
20170127,ID000BYV2N8,10.208
20170127,ID000BYVJ33,96.982
20170127,ID000BYVKH5,1.0
20170127,ID000BYWT85,516.604
20170127,ID000BYWWW1,4929.936
20170127,ID000BYXLD5,1.536
20170127,ID000BYXX30,1247.003
20170127,ID000BYXZ99,1379.273
20170127,ID000BYY2M6,5836.055
20170127,ID000BYY530,339.645
20170127,ID000BYYRT4,11823.16
20170127,ID000BYZK36,32.654
20170127,ID000BYZM87,1008.041
20170127,ID000BZ0BL1,37.342
20170127,ID000BZ0MB8,64.714
20170127,ID000BZ0Y31,34.666
20170127,ID000BZ1766,280.668
20170127,ID000BZ1Z64,208.22
20170127,ID000BZ2284,82.838
20170127,ID000BZ34H9,72.161
20170127,ID000BZ3951,32.463
20170127,ID000BZ3Q44,15203.12
20170127,ID000BZ49J5,3.513
20170127,ID000BZ56J0,207.61
20170127,ID000BZ5GS8,351.8
20170127,ID000BZ5K45,1.012
20170127,ID000BZ5TN5,102.256
20170127,ID000BZ6048,587.038
20170127,ID000BZ6C24,164.783
20170127,ID000BZ6QF9,93.61
20170127,ID000BZ7BK5,8.832
20170127,ID000BZ7CR6,424.192
20170127,ID000BZ7DN8,2.467
20170127,ID000BZ85K7,12.432
20170127,ID000BZ93W8,115.723
20170127,ID000BZ9PC1,2516.677
20170127,ID000BZB3M6,9.586
20170127,ID000BZBXQ6,23.238
20170127,ID000BZC3M5,2516.677
20170127,ID000BZC7Y3,6.782
20170127,ID000BZCG00,5.008
20170127,ID000BZD6K9,1.997
20170127,ID000BZDNW9,2807.364
20170127,ID000BZG270,732.548
20170127,ID000BZGD85,90.7
20170127,ID000BZGLM1,951.0
20170127,ID000BZH4D8,3.268
20170127,ID000BZK1T3,31.401
20170127,ID000BZKS41,607.934
20170127,ID000BZLBT0,181.957
20170127,ID000BZLR24,10.444
20170127,ID000BZM6S1,1460.672
20170127,ID000BZM736,161.054
20170127,ID000BZMB19,19.242
20170127,ID000BZMD24,351.236
20170127,ID000BZMG09,1.361
20170127,ID000BZN398,5.318
20170127,ID000BZNRC1,13.322
20170127,ID000BZP751,0.688
20170127,ID000BZPTJ8,15.717
20170127,ID000BZQWS0,112.792
20170127,ID000BZRG40,2.3
20170127,ID000BZRNX3,125.0
20170127,ID000BZS4M6,3.106
20170127,ID000BZSDL7,6.44
20170127,ID000BZSG49,9.79
20170127,ID000BZT267,413.858
20170127,ID000BZTFG7,45.472
20170127,ID000BZTR35,150.32
20170127,ID000BZVLQ0,25.5
20170127,ID000BZVSJ3,4.0
20170127,ID000BZVYW5,115.707
20170127,ID000BZWM96,102.136
20170127,ID000BZYRS2,18.472
20170127,ID000BZZ2N1,184.369
20170127,ID000BZZ7W0,972.774
20170127,ID000BZZK79,385.096
20170127,ID000BZZXV4,1551.594
20170127,ID000C01RQ6,124.638
20170127,ID000C01VM1,54.845
20170127,ID000C02WX6,1.151
20170127,ID000C02Z87,1012.044
20170127,ID000C03WJ1,99.75
20170127,ID000C04CZ6,16963.24
20170127,ID000C04FX1,2120.467
20170127,ID000C04HR4,144.99
20170127,ID000C04KV2,3315.678
20170127,ID000C059M6,19473.29
20170127,ID000C05R19,9958.766
20170127,ID000C06HM7,0.629
20170127,ID000C06YX8,22.664
20170127,ID000C07H28,119.124
20170127,ID000C089Q9,200.525
20170127,ID000C09SF8,33.485
20170127,ID000C0FNW3,1.232
20170127,ID000C0GXK3,25.559
20170127,ID000C0GYX7,1.9
20170127,ID000C0KN20,1.9
20170127,ID000C0M876,1283.459
20170127,ID000C0N296,832.428
20170127,ID000C0N5T7,6.8
20170127,ID000C0NNT8,0.65
20170127,ID000C0S0W9,100.398
20170127,ID000C0S2M6,129.836
20170127,ID000C0SX66,2.7
20170127,ID000C0TD50,657.106
20170127,ID000C0TGK6,296.041
20170127,ID000C0TJ84,296.041
20170127,ID000C0V0Z2,21.0
20170127,ID000C0XM55,282.435
20170127,ID000C0YDJ9,1265.229
20170127,ID000C0YFW9,651.82
20170127,ID000C0YGB0,1265.229
20170127,ID000C0YHZ2,175.028
20170127,ID000C0ZKV8,915.255
20170127,ID000C0ZTM9,36.504
20170127,ID000C11F35,27.487
20170127,ID000C13B14,65.364
20170127,ID000C14384,617.166
20170127,ID000C14NJ8,1289.942
20170127,ID000C16HR0,10.0
20170127,ID000C18VW1,8.0
20170127,ID000C192X3,36.827
20170127,ID000C19BK7,5.6
20170127,ID000C19BN4,12.828
20170127,ID000C19N12,0.636
20170127,ID000C19SB0,23.305
20170127,ID000C1B288,12.928
20170127,ID000C1BSZ1,18.333
20170127,ID000C1CZV8,7.613
20170127,ID000C1DDM6,8601.059
20170127,ID000C1DX97,19865.75
20170127,ID000C1F417,7442.454
20170127,ID000C1G7K8,102.566
20170127,ID000C1HDQ8,7.611
20170127,ID000C1HLN3,617.166
20170127,ID000C1HSN8,439.2
20170127,ID000C1JV31,5.35
20170127,ID000C1KY33,4076.634
20170127,ID000C1LFQ8,2.444
20170127,ID000C1LJH0,585.073
20170127,ID000C1M053,197.219
20170127,ID000C1M473,2453.572
20170127,ID000C1MK95,1887.769
20170127,ID000C1MM28,888.843
20170127,ID000C1NWX1,869.342
20170127,ID000C1P657,26.308
20170127,ID000C1PBJ1,1218.185
20170127,ID000C1PN69,199.927
20170127,ID000C1Q594,1058.752
20170127,ID000C1Q923,3902.863
20170127,ID000C1R4N0,32.944
20170127,ID000C1R6K8,206.239
20170127,ID000C1R7V4,8846.39
20170127,ID000C1RCS7,951.225
20170127,ID000C1RHJ6,3634.185
20170127,ID000C1RKK7,261.053
20170127,ID000C1S1W5,864.452
20170127,ID000C1S976,82.65
20170127,ID000C1SBH0,63.907
20170127,ID000C1SNC9,228.164
20170127,ID000C1TFD4,4312.959
20170127,ID000C1V188,1103.948
20170127,ID000C1V3Z4,93.752
20170127,ID000C1VT14,601.466
20170127,ID000C1VX79,1950.271
20170127,ID000C1W4G2,20.876
20170127,ID000C1W506,2.801
20170127,ID000C1W6R5,3116.652
20170127,ID000C1WJ60,1.2
20170127,ID000C1WMD5,1.2
20170127,ID000C1WT59,764.188
20170127,ID000C1WX14,1239.027
20170127,ID000C1X8C6,1434.183
20170127,ID000C1XB75,6068.355
20170127,ID000C1XGL8,2556.477
20170127,ID000C1XTD9,10.8
20170127,ID000C1Y6Q4,15.879
20170127,ID000C1Y7P3,4.404
20170127,ID000C1YNP8,217.191
20170127,ID000C1YTY5,6141.0
20170127,ID000C1Z7T8,1391.476
20170127,ID000C1ZFY4,13.18
20170127,ID000C20331,5037.805
20170127,ID000C20SL6,50.083
20170127,ID000C216X0,824.112
20170127,ID000C21B41,823.406
20170127,ID000C21QQ4,406.16
20170127,ID000C21VJ1,1013.777
20170127,ID000C21XN2,63.976
20170127,ID000C21YL2,847.211
20170127,ID000C22CB0,274.133
20170127,ID000C22V73,11.37
20170127,ID000C23BS3,133.052
20170127,ID000C23K94,27.365
20170127,ID000C23MM5,93.75
20170127,ID000C282B6,0.515
20170127,ID000C29RR3,585.073
20170127,ID000C2B838,3.695
20170127,ID000C2BDZ2,4.0
20170127,ID000C2BWN3,17.892
20170127,ID000C2C436,197.517
20170127,ID000C2DQK7,23.75
20170127,ID000C2G0Y6,6.497
20170127,ID000C2H912,9.148
20170127,ID000C2HXV6,123.566
20170127,ID000C2J064,353.565
20170127,ID000C2J4B0,40.271
20170127,ID000C2K259,9.868
20170127,ID000C2LX78,30.976
20170127,ID000C2LY67,115.428
20170127,ID000C2M2P5,1.367
20170127,ID000C2NHN3,99.869
20170127,ID000C2NZV4,328.624
20170127,ID000C2P0S3,74.322
20170127,ID000C2P0W8,59.84
20170127,ID000C2PWS3,3.09
20170127,ID000C2QN48,338.58
20170127,ID000C2QT36,133.232
20170127,ID000C2QZQ7,891.957
20170127,ID000C2TXM3,3.98
20170127,ID000C2V319,541.08
20170127,ID000C2V6W8,1496.405
20170127,ID000C2VSX9,273.511
20170127,ID000C2WYY4,1776.883
20170127,ID000C2XR14,111.654
20170127,ID000C2YSM8,18.478
20170127,ID000C2ZX00,5.364
20170127,ID000C30552,270.189
20170127,ID000C30H01,10.22
20170127,ID000C30NR9,5.998
20170127,ID000C30Z83,339.691
20170127,ID000C31329,110.55
20170127,ID000C31NV3,8.385
20170127,ID000C32H63,7.344
20170127,ID000C331Q5,683.678
20170127,ID000C339J6,55.683
20170127,ID000C349Q7,73.008
20170127,ID000C34K73,2068.998
20170127,ID000C357M4,4.463
20170127,ID000C35LZ9,5.489
20170127,ID000C36X46,43.643
20170127,ID000C37MN8,200.001
20170127,ID000C37RK0,627.792
20170127,ID000C384X6,33.947
20170127,ID000C38947,523.453
20170127,ID000C38BB4,9.334
20170127,ID000C38N82,700.076
20170127,ID000C3BS14,2.365
20170127,ID000C3C023,21.25
20170127,ID000C3CNV1,76.619
20170127,ID000C3CPS0,78.715
20170127,ID000C3D2Z2,124.603
20170127,ID000C3D727,14.896
20170127,ID000C3DY28,200.0
20170127,ID000C3FDB2,1.07
20170127,ID000C3FGY0,32.0
20170127,ID000C3FZ78,14.544
20170127,ID000C3GDD9,113.769
20170127,ID000C3H4B0,79.759
20170127,ID000C3HPY8,106.217
20170127,ID000C3J4X4,190.021
20170127,ID000C3JQZ3,0.633
20170127,ID000C3JT69,31.371
20170127,ID000C3KFS3,10166.68
20170127,ID000C3KXC1,3.909
20170127,ID000C3L6Q4,5649.249
20170127,ID000C3LHJ8,0.105
20170127,ID000C3LQS8,0.16
20170127,ID000C3M059,452.063
20170127,ID000C3M4W1,300.444
20170127,ID000C3NRG7,158.799
20170127,ID000C3RLK1,109.99
20170127,ID000C3RNT8,9.744
20170127,ID000C3S302,5.42
20170127,ID000C3SGX7,3878.484
20170127,ID000C3SMF4,515.161
20170127,ID000C3SSB5,86.156
20170127,ID000C3T490,1.833
20170127,ID000C3TS79,8.034
20170127,ID000C3VR96,3.3
20170127,ID000C3VX11,55.182
20170127,ID000C3VY28,449.96
20170127,ID000C3W272,2.923
20170127,ID000C3W398,1.683
20170127,ID000C3X903,124.173
20170127,ID000C3XBX2,0.863
20170127,ID000C3XF09,0.29
20170127,ID000C3YBM3,270.39
20170127,ID000C400W1,71.962
20170127,ID000C41VP0,262.842
20170127,ID000C42R87,13.461
20170127,ID000C43N30,9.421
20170127,ID000C43PD4,534.0
20170127,ID000C443R7,3.828
20170127,ID000C44BF2,161.054
20170127,ID000C457T5,1.911
20170127,ID000C458N9,0.011
20170127,ID000C467H7,60.045
20170127,ID000C47J80,2111.283
20170127,ID000C47Q48,4.619
20170127,ID000C47X61,31.442
20170127,ID000C48V55,43.832
20170127,ID000C49Y67,15.625
20170127,ID000C4BKF4,0.029
20170127,ID000C4BPN4,548.909
20170127,ID000C4BVH8,18.64
20170127,ID000C4BXG5,13.72
20170127,ID000C4C1K9,5.0
20170127,ID000C4C539,0.015
20170127,ID000C4CCW2,543.92
20170127,ID000C4CSZ4,5.0
20170127,ID000C4D1L7,8.362
20170127,ID000C4D3V2,8.362
20170127,ID000C4D510,1.005
20170127,ID000C4D7C4,1.005
20170127,ID000C4DNY5,256.404
20170127,ID000C4FQX7,204.953
20170127,ID000C4G7T3,1.273
20170127,ID000C4H1P9,7.876
20170127,ID000C4HGK1,81.465
20170127,ID000C4HQV7,36.512
20170127,ID000C4JHR0,4535.685
20170127,ID000C4K9S5,689.74
20170127,ID000C4LV50,611.742
20170127,ID000C4LZ51,22.005
20170127,ID000C4N8Q6,1946.627
20170127,ID000C4N984,3.838
20170127,ID000C4NFN3,360.231
20170127,ID000C4PGC1,72.819
20170127,ID000C4PS80,16.353
20170127,ID000C4RXC2,9.836
20170127,ID000C4S1P7,107.363
20170127,ID000C4TC63,42.193
20170127,ID000C4TJ86,19956.55
20170127,ID000C4TNB3,7753.161
20170127,ID000C4TRJ6,2568.053
20170127,ID000C4W2L4,16.92
20170127,ID000C4XZ67,1.654
20170127,ID000C4Y3X7,14.778
20170127,ID000C4Y5M4,14.778
20170127,ID000C4Y7K2,60.045
20170127,ID000C4ZMD6,24.9
20170127,ID000C4ZQZ3,165.5
20170127,ID000C4ZS16,1267.745
20170127,ID000C52SP3,3.009
20170127,ID000C52ZD0,11.861
20170127,ID000C55X79,25.427
20170127,ID000C55ZS1,0.15
20170127,ID000C58YM7,22.703
20170127,ID000C590L1,2.33
20170127,ID000C5K4X7,8842.005
20170127,ID000C5KBR8,6.182
20170127,ID000C5R282,1205.662
20170127,ID000C5R638,11.882
20170127,ID000C5TYF2,86.443
20170127,ID000C5W9N4,0.361
20170127,ID000C5XJZ8,3336.866
20170127,ID000C5XT13,53.946
20170127,ID000C63DF4,93.052
20170127,ID000C63GZ5,0.01
20170127,ID000C65TV9,19865.75
20170127,ID000C68PF2,6.134
20170127,ID000C68PZ0,1.545
20170127,ID000C68VC2,29.16
20170127,ID000C6B8R3,0.087
20170127,ID000C6CSZ9,0.012
20170127,ID000C6CVN5,0.009
20170127,ID000C6GH25,9.0
20170127,ID000C6GMF0,70.14
20170127,ID000C6K5W3,26617.95
20170127,ID000C6KD92,0.066
20170127,ID000C6KG04,0.012
20170127,ID000C6LMQ2,0.022
20170127,ID000C6N4Y1,0.25
20170127,ID000C6N658,170.868
20170127,ID000C6TR74,13.752
20170127,ID000C6TRK9,9.353
20170127,ID000C6XDQ9,71.851
20170127,ID000C6YWQ6,23.0
20170127,ID000C74FK0,200.269
20170127,ID000C74H71,4200.0
20170127,ID000C779C0,170.124
20170127,ID000C7DYG4,149.939
20170127,ID000C7VJ77,266.668
20170127,ID000C7VPF4,2.372
20170127,ID000C7X325,81.31
20170127,ID000C7YM13,28.086
20170127,ID000C86P42,87.778
20170127,ID000C86VD9,0.842
20170127,ID000C8DCV3,1265.229
20170127,ID000C8DDH7,41.593
20170127,ID000C8H697,30.18
20170127,ID000C8L0S4,1133.86
20170127,ID000C8WDZ6,1.0
20170127,ID000C93F45,2012.564
20170127,ID000C94Q86,71373.74
20170127,ID000C969T9,2.201
20170127,ID000C96B14,30.759
20170127,ID000C97H92,206.238
20170127,ID000C9PHX5,1433.855
20170127,ID000C9PMR1,43.5
20170127,ID000C9PNT7,1165.431
20170127,ID000C9PR54,422.794
20170127,ID000C9R1H6,4739.0
20170127,ID000C9R4J8,830.444
20170127,ID000C9S6S2,59.577
20170127,ID000C9S8D4,0.585
20170127,ID000C9S9H8,1434.183
20170127,ID000C9SH26,999.486
20170127,ID000CB5W32,40.959
20170127,ID000CB8JN6,78.36
20170127,ID000CB9Z95,1.382
20170127,ID000CBLCP4,929.645
20170127,ID000CBNYW6,0.598
20170127,ID000CBQ7S7,26.55
20170127,ID000CBQ9M9,6.125
20170127,ID000CBWST3,14.2
20170127,ID000CBY0B1,350.905
20170127,ID000CBZN20,84.0
20170127,ID000CC2BV8,209.871
20170127,ID000CC66W4,8.754
20170127,ID000CCGKL4,103.94
20170127,ID000CCGNN6,4.933
20170127,ID000CCQTR8,3.788
20170127,ID000CCQV93,862.205
20170127,ID000CCVYC7,11.897
20170127,ID000CCVZZ9,1069.837
20170127,ID000CCX431,14.402
20170127,ID000CCYKT6,43.006
20170127,ID000CD3W58,1.9
20170127,ID000CD8516,576.003
20170127,ID000CD85C4,5836.055
20170127,ID000CD85S7,2425.149
20170127,ID000CD8641,1247.003
20170127,ID000CD86Q7,4237.602
20170127,ID000CD86Z7,1286.616
20170127,ID000CD87R4,3069.396
20170127,ID000CD8847,507.126
20170127,ID000CDDCD2,9.36
20170127,ID000CDNWC8,16.739
20170127,ID000CDP679,6.856
20170127,ID000CDRRT7,37.1
20170127,ID000CDWV67,10.25
20170127,ID000CDY3M9,4.55
20170127,ID000CDY624,1.1
20170127,ID000CDY9Q2,4.0
20170127,ID000CDYGR5,15.943
20170127,ID000CDZNC5,329.436
20170127,ID000CF2CX7,1.6
20170127,ID000CF9850,0.155
20170127,ID000CFBRS0,530.087
20170127,ID000CFBTL3,1.501
20170127,ID000CFJHR5,721.588
20170127,ID000CFNH18,19.144
20170127,ID000CFNNF0,20.0
20170127,ID000CFNT76,98.929
20170127,ID000CFSQF8,9.032
20170127,ID000CFWBZ4,783.365
20170127,ID000CFZ290,285.786
20170127,ID000CG34R9,6.21
20170127,ID000CG75Y4,26.794
20170127,ID000CGDKG4,126.414
20170127,ID000CGHDR4,1.37
20170127,ID000CGJS99,44.708
20170127,ID000CGQ2R8,2.306
20170127,ID000CGWPH1,71.479
20170127,ID000CGY5S1,4.0
20170127,ID000CH5351,27.089
20170127,ID000CHBKS1,110.053
20170127,ID000CHD325,6.152
20170127,ID000CHF9Y5,7.16
20170127,ID000CHGNC7,6.027
20170127,ID000CHHZZ4,4.725
20170127,ID000CHJ249,4.982
20170127,ID000CHJ9N3,3.357
20170127,ID000CHPT43,176.193
20170127,ID000CHR669,1069.837
20170127,ID000CHRCT1,15.674
20170127,ID000CHSFX8,81.27
20170127,ID000CHSM72,0.4
20170127,ID000CHV3R8,252.446
20170127,ID000CHWG16,41.5
20170127,ID000CHXWL8,227.536
20170127,ID000CHZ820,407.591
20170127,ID000CJ0SQ4,8.46
20170127,ID000CJBFY1,81.763
20170127,ID000CJBVQ5,94.386
20170127,ID000CJGS32,7.594
20170127,ID000CJJ6Q2,24.771
20170127,ID000CJKK43,13.141
20170127,ID000CJR0R5,2.194
20170127,ID000CJR3H0,18.397
20170127,ID000CJS8Z8,39.0
20170127,ID000CJS922,31.35
20170127,ID000CJSPY1,166.628
20170127,ID000CJW758,29.6
20170127,ID000CJW829,48.927
20170127,ID000CJW9F3,2757.138
20170127,ID000CJYSX9,2.25
20170127,ID000CJZ6D8,20.2
20170127,ID000CK1RN5,320.157
20170127,ID000CK1Y41,20.2
20170127,ID000CK4S96,145.714
20170127,ID000CKDZV5,369.8
20170127,ID000CKGF55,65.844
20170127,ID000CKLPY5,1.8
20170127,ID000CKP7N3,171.723
20170127,ID000CKP897,1.8
20170127,ID000CKPL89,1.2
20170127,ID000CKQV77,11.924
20170127,ID000CKS297,0.778
20170127,ID000CKS304,1.2
20170127,ID000CKS6S7,1496.405
20170127,ID000CKVXR5,1.1
20170127,ID000CKVZR0,0.8
20170127,ID000CKYDB3,888.367
20170127,ID000CKYLJ7,936.807
20170127,ID000CKYQ24,37.285
20170127,ID000CL16B2,0.3
20170127,ID000CL18R1,0.3
20170127,ID000CL1BH5,0.4
20170127,ID000CL1DY2,0.4
20170127,ID000CL4184,283.195
20170127,ID000CL4861,79.578
20170127,ID000CL4B82,12.445
20170127,ID000CLDF56,9052.344
20170127,ID000CLKSN0,35.901
20170127,ID000CLKVQ0,233.0
20170127,ID000CLNMS5,7.979
20170127,ID000CLNV05,1.196
20170127,ID000CLQ723,467.311
20170127,ID000CLRGK2,62.591
20170127,ID000CLRLD9,15.674
20170127,ID000CLT294,287.292
20170127,ID000CM12F5,15.674
20170127,ID000CM1443,651.82
20170127,ID000CM4342,657.155
20170127,ID000CM6G96,672.0
20170127,ID000CM6HR4,26.741
20170127,ID000CM84R1,15.674
20170127,ID000CM87F7,7.341
20170127,ID000CM9R71,40.154
20170127,ID000CMD8J5,4.375
20170127,ID000CMFVG5,216.571
20170127,ID000CMKZ52,2.375
20170127,ID000CMQ669,18.223
20170127,ID000CMY116,397.208
20170127,ID000CN15T1,8.866
20170127,ID000CN1824,1411.075
20170127,ID000CN2GK5,10.878
20170127,ID000CN2JS1,33.094
20170127,ID000CN6K31,18.407
20170127,ID000CNBSD7,46.707
20170127,ID000CNMB06,42.216
20170127,ID000CNV8Z5,119.165
20170127,ID000CP3N51,675.506
20170127,ID000CP4TC9,57.765
20170127,ID000CP91H0,1.406
20170127,ID000CPBD63,3112.16
20170127,ID000CPGPH9,252.889
20170127,ID000CPTQL8,205.132
20170127,ID000CPYX73,976.3
20170127,ID000CQ2WZ7,21.558
20170127,ID000CQ3BR1,6.3
20170127,ID000CQ4J39,11.8
20170127,ID000CQ4LZ9,25.88
20170127,ID000CQ5WS2,1.225
20170127,ID000CQ77H7,7.819
20170127,ID000CQ79S1,0.002
20170127,ID000CQ8JK6,37.412
20170127,ID000CQ8V92,168.0
20170127,ID000CQCPJ9,30.15
20170127,ID000CQN832,19.068
20170127,ID000CQPKC3,16.0
20170127,ID000CQR5S7,2.332
20170127,ID000CR3CG9,8.0
20170127,ID000CR7GH5,32.289
20170127,ID000CRJ0W0,2.516
20170127,ID000CRQVF3,252.798
20170127,ID000CRQZQ2,0.143
20170127,ID000CRW554,78.418
20170127,ID000CS49H2,547.682
20170127,ID000CS4KT4,6.315
20170127,ID000CS5P76,6.6
20170127,ID000CS8R51,709.941
20170127,ID000CS8T48,384.427
20170127,ID000CS9WH6,772.913
20170127,ID000CSB2G0,60.0
20170127,ID000CSGB11,772.913
20170127,ID000CSHJ86,563.365
20170127,ID000CSHL18,772.913
20170127,ID000CSJSV8,145.96
20170127,ID000CSRRF9,295.997
20170127,ID000CSVJQ0,46.256
20170127,ID000CT1787,1.1
20170127,ID000CT2PT3,5.338
20170127,ID000CT4347,201.982
20170127,ID000CT58H1,52.0
20170127,ID000CT5G92,4910.11
20170127,ID000CTDFY7,6147.525
20170127,ID000CTGXN7,4910.11
20170127,ID000CTKSS8,11.903
20170127,ID000CTMKK1,61.133
20170127,ID000CTSW29,0.15
20170127,ID000CTT0J0,92.434
20170127,ID000CTVFC1,1228.504
20170127,ID000CTVGZ4,4270.255
20170127,ID000CV3QR7,32.504
20170127,ID000CV5CS5,2.886
20170127,ID000CV6HJ3,8.98
20170127,ID000CV6LW9,11.182
20170127,ID000CV6V93,14.111
20170127,ID000CV80S8,109.513
20170127,ID000CV87X7,5.485
20170127,ID000CV9H28,6.652
20170127,ID000CV9KX7,2.8
20170127,ID000CV9M72,1.9
20170127,ID000CV9MB7,24.244
20170127,ID000CVBQJ7,9.192
20170127,ID000CVBSG6,0.8
20170127,ID000CVBVR7,28.555
20170127,ID000CVBWZ6,136.345
20170127,ID000CVBZL4,15.174
20170127,ID000CVD2Q0,2.48
20170127,ID000CVD5H3,306.612
20170127,ID000CVD869,89.97
20170127,ID000CVFKD2,16.68
20170127,ID000CVFN82,18.441
20170127,ID000CVFS27,7.12
20170127,ID000CVJD44,13.006
20170127,ID000CVJGX5,134.417
20170127,ID000CVJKH4,4.17
20170127,ID000CVJN24,1.609
20170127,ID000CVKR78,134.897
20170127,ID000CVKRD1,18.914
20170127,ID000CVKTT0,5.786
20170127,ID000CVKTV7,2.268
20170127,ID000CVKW22,5.987
20170127,ID000CVSV53,154.5
20170127,ID000CW54C8,127.749
20170127,ID000CW7YC0,3116.652
20170127,ID000CWDCF8,51.802
20170127,ID000CWMDK0,80.135
20170127,ID000CX7XG6,1714.728
20170127,ID000CX8086,1165.431
20170127,ID000CXFGV7,330.083
20170127,ID000CXQSK1,27.705
20170127,ID000CXXL19,0.063
20170127,ID000CY05D5,73.764
20170127,ID000CY32M9,81.43
20170127,ID000CY5X49,2714.381
20170127,ID000CY65T2,619.775
20170127,ID000CYCVL6,1113.234
20170127,ID000CYGG80,8.996
20170127,ID000CYLZR1,88.84
20170127,ID000CYNCM5,1.341
20170127,ID000CYR5S0,173.107
20170127,ID000CYR6T7,4.275
20170127,ID000CYWGM6,22.735
20170127,ID000CYXPX3,787.187
20170127,ID000CZ4KH1,1.786
20170127,ID000CZMZR7,0.99
20170127,ID000CZP6G0,9.84
20170127,ID000CZQHS2,1.8
20170127,ID000CZQN45,1.122
20170127,ID000CZQRQ2,10.06
20170127,ID000CZS007,2.36
20170127,ID000CZTKF6,16.26
20170127,ID000CZVPT7,56.695
20170127,ID000CZVVN0,22.6
20170127,ID000CZWZ41,7.7
20170127,ID000CZZR55,44611.65
20170127,ID000D03WR1,1083.112
20170127,ID000D083L6,16.893
20170127,ID000D0MBV1,5037.805
20170127,ID000D0R629,2068.998
20170127,ID000D10SF4,2352.807
20170127,ID000D13GQ5,2352.807
20170127,ID000D16BC8,65.043
20170127,ID000D16BS1,8.8
20170127,ID000D17QC4,3.523
20170127,ID000D17SD9,0.177
20170127,ID000D17VB4,1.01
20170127,ID000D17W68,0.436
20170127,ID000D17YD6,2.455
20170127,ID000D17ZC4,1.584
20170127,ID000D19547,53.25
20170127,ID000D1B982,111.25
20170127,ID000D1D070,9.84
20170127,ID000D1F7R1,16.26
20170127,ID000D1FBY4,22.6
20170127,ID000D1FGT9,197.62
20170127,ID000D1FGW5,7.7
20170127,ID000D1Q0K1,31.911
20170127,ID000D229N3,419.348
20170127,ID000D22CS1,20.278
20170127,ID000D22HK8,66.256
20170127,ID000D22J79,707.488
20170127,ID000D22LK9,258.49
20170127,ID000D22M36,64.961
20170127,ID000D287W1,5.946
20170127,ID000D2BV81,455.587
20170127,ID000D2GWM8,53.041
20170127,ID000D2GX28,3.441
20170127,ID000D2PYX2,1131.842
20170127,ID000D2T0Q0,6.419
20170127,ID000D2YF63,7.061
20170127,ID000D32J59,160.029
20170127,ID000D32Q35,1152.108
20170127,ID000D35PX1,7.216
20170127,ID000D38HW7,25.897
20170127,ID000D3CF29,286.269
20170127,ID000D3JMK7,114.0
20170127,ID000D3JXN0,25.88
20170127,ID000D3K0Q7,11.8
20170127,ID000D3M8Q8,114.0
20170127,ID000D3MH51,0.828
20170127,ID000D3MPY1,32.289
20170127,ID000D3Q198,3.523
20170127,ID000D3Q9X4,0.177
20170127,ID000D3QDZ3,1.01
20170127,ID000D3T3Q2,1.692
20170127,ID000D3T7G4,1.01
20170127,ID000D42LD3,29.52
20170127,ID000D4J1K1,127.7
20170127,ID000D4W4D8,212.965
20170127,ID000D4WJF3,150.607
20170127,ID000D4WJQ1,57.968
20170127,ID000D4Z9L5,1374.822
20170127,ID000D523W9,25.88
20170127,ID000D526M3,114.0
20170127,ID000D54GG6,13.03
20170127,ID000D54H83,92.0
20170127,ID000D54HT0,52.119
20170127,ID000D54V46,677.998
20170127,ID000D54YD0,5.687
20170127,ID000D5BJ54,966.829
20170127,ID000D60821,2.4
20170127,ID000D717K0,3145.282
20170127,ID000D73T93,11.043
20170127,ID000D74120,11.043
20170127,ID000D744Z8,11.043
20170127,ID000D749D1,153.4
20170127,ID000D76JQ3,11.043
20170127,ID000D7DPQ1,0.1
20170127,ID000D7H0D6,1.345
20170127,ID000D7NWZ5,174.294
20170127,ID000D7RD74,242.6
20170127,ID000D7VQ89,140.004
20170127,ID000D80VB6,17.798
20170127,ID000D83TX4,14.229
20170127,ID000D83XQ3,14.229
20170127,ID000D86HW8,17.815
20170127,ID000D86LS4,6.265
20170127,ID000D87ZP5,1181.726
20170127,ID000D8JLD6,75.329
20170127,ID000D8KQ89,290.096
20170127,ID000D8VDZ6,24.9
20170127,ID000D8VJJ1,165.5
20170127,ID000D8Y045,130.383
20170127,ID000D9L3W0,161.387
20170127,ID000D9RGG3,164.265
20170127,ID000D9RXN8,1.736
20170127,ID000D9T3K5,44.436
20170127,ID000D9V6Q9,5.613
20170127,ID000D9VB60,41.212
20170127,ID000D9VDS2,10.483
20170127,ID000D9VHX7,22.218
20170127,ID000D9VMF6,1.194
20170127,ID000D9XXB4,50.021
20170127,ID000D9Y1J5,92.578
20170127,ID000D9Y622,41.768
20170127,ID000D9Y980,25.005
20170127,ID000D9YBP6,28.722
20170127,ID000D9YCQ3,8.978
20170127,ID000DB0Q75,9.234
20170127,ID000DB0XH9,51.884
20170127,ID000DB10C5,14.76
20170127,ID000DB1561,0.21
20170127,ID000DB15J7,8.196
20170127,ID000DB19K7,55.955
20170127,ID000DB3J41,606.23
20170127,ID000DB3L64,4.472
20170127,ID000DB3MC5,9.6
20170127,ID000DB3N15,6.657
20170127,ID000DB7WK0,3764.471
20170127,ID000DBBN43,30.0
20170127,ID000DBD4W2,35.489
20170127,ID000DBNN31,72.348
20170127,ID000DBNPY2,428.725
20170127,ID000DBR1R9,32.661
20170127,ID000DC0KZ5,138.332
20170127,ID000DC36P4,22.6
20170127,ID000DC3MC3,7.7
20170127,ID000DC5XW5,16.26
20170127,ID000DC6GY9,9.84
20170127,ID000DC6H04,139.058
20170127,ID000DC8VT0,1.8
20170127,ID000DC9017,2.36
20170127,ID000DC99M5,111.25
20170127,ID000DCGWH2,102.476
20170127,ID000DCK5M0,129.221
20170127,ID000DCK8W3,4061.506
20170127,ID000DCKDX1,22.6
20170127,ID000DCKGH2,7.7
20170127,ID000DCN1L7,23.403
20170127,ID000DCNJ65,7.839
20170127,ID000DCNJC8,16.26
20170127,ID000DCQRC7,9.84
20170127,ID000DCQSM4,33.795
20170127,ID000DCR197,135.113
20170127,ID000DCR589,212.693
20170127,ID000DCRCP5,1.8
20170127,ID000DCV1L8,10.06
20170127,ID000DCW976,2.36
20170127,ID000DD30C9,13.496
20170127,ID000DD3GQ9,466.0
20170127,ID000DD3KV4,14.671
20170127,ID000DD5RF5,86.606
20170127,ID000DD5WS0,93.159
20170127,ID000DD6D01,1.877
20170127,ID000DD8S33,75.271
20170127,ID000DDCSK9,10.868
20170127,ID000DDXHG5,69.586
20170127,ID000DDXXZ9,2.482
20170127,ID000DDY0Z0,5.063
20170127,ID000DF0901,24.9
20170127,ID000DF0C22,165.5
20170127,ID000DF6DD2,21.169
20170127,ID000DFCX78,61.3
20170127,ID000DFMR98,3.004
20170127,ID000DFN4R8,0.512
20170127,ID000DFQP61,122.523
20170127,ID000DGFDJ4,10.06
20170127,ID000DGFHZ7,1.757
20170127,ID000DGPW47,361.208
20170127,ID000DGWJD8,41.04
20170127,ID000DH52H9,0.6
20170127,ID000DHBWN9,81.4
20170127,ID000DHJ4M4,108.697
20170127,ID000DHLZH8,0.005
20170127,ID000DHXQT2,307.222
20170127,ID000DJ1NW6,743.923
20170127,ID000DJ1YL4,454.695
20170127,ID000DJ1YN2,4.009
20170127,ID000DJ3214,0.035
20170127,ID000DJ34H3,2597.634
20170127,ID000DJ4P85,10.153
20170127,ID000DJB1N3,58.446
20170127,ID000DJDXT5,2.324
20170127,ID000DJKFL4,40.419
20170127,ID000DJLQX6,1800.844
20170127,ID000DJLRW5,422.465
20170127,ID000DJTSG3,187.707
20170127,ID000DK3051,1943.207
20170127,ID000DK33D6,49.229
20170127,ID000DK33Q2,31.554
20170127,ID000DK4B65,0.6
20170127,ID000DK5W04,0.6
20170127,ID000DK6ZJ6,0.6
20170127,ID000DK8D49,8.713
20170127,ID000DK8N56,175.128
20170127,ID000DK8P88,6566.615
20170127,ID000DKLF21,9.446
20170127,ID000DKY7X1,6.938
20170127,ID000DL11S4,43.106
20170127,ID000DL2M25,171.851
20170127,ID000DL9LK0,457.0
20170127,ID000DLMDZ7,8.659
20170127,ID000DLQDF5,29.764
20170127,ID000DLRM82,10.295
20170127,ID000DLT532,382.392
20170127,ID000DLTBM8,1.242
20170127,ID000DLVF73,60.014
20170127,ID000DLWT81,15.155
20170127,ID000DM2M32,2214.743
20170127,ID000DM53M0,84.513
20170127,ID000DM6PM0,150.607
20170127,ID000DMC5L8,904.627
20170127,ID000DMFGV0,123.747
20170127,ID000DMFL49,64.561
20170127,ID000DMFMD7,168.771
20170127,ID000DMJHD4,32.126
20170127,ID000DMMJ37,284.935
20170127,ID000DMQ5P9,35.641
20170127,ID000DMWXM4,21.71
20170127,ID000DMZP39,7841.027
20170127,ID000DMZS88,104.0
20170127,ID000DN1YT7,586.279
20170127,ID000DN20N6,58.189
20170127,ID000DN2FS8,3878.484
20170127,ID000DN2JN5,1286.616
20170127,ID000DN4RP3,807.713
20170127,ID000DN4SB6,5.657
20170127,ID000DN4WF3,2425.149
20170127,ID000DN4Z11,2001.0
20170127,ID000DN7J14,20.905
20170127,ID000DNBJ00,9.875
20170127,ID000DNLP41,487.75
20170127,ID000DNP505,39.26
20170127,ID000DNS236,51.713
20170127,ID000DNS557,502.198
20170127,ID000DNS7N3,21.253
20170127,ID000DNWPV9,8.568
20170127,ID000DP3ZZ0,0.254
20170127,ID000DP4282,10.955
20170127,ID000DP62J8,19.668
20170127,ID000DP6912,4.315
20170127,ID000DP6FG2,4.882
20170127,ID000DP9KW0,104.0
20170127,ID000DPM8Q9,586.042
20170127,ID000DPRMM7,50.6
20170127,ID000DPSR54,128.8
20170127,ID000DPSTH7,10.8
20170127,ID000DPT203,10.7
20170127,ID000DPT3G4,9.0
20170127,ID000DPT7D8,12.3
20170127,ID000DPTF40,35.2
20170127,ID000DPVY37,2.0
20170127,ID000DPXLB4,12.3
20170127,ID000DPY396,15.5
20170127,ID000DPZNK8,30.175
20170127,ID000DPZVV8,105.386
20170127,ID000DQ3HP9,0.252
20170127,ID000DQ5FB6,8.52
20170127,ID000DQ77T3,219.579
20170127,ID000DQ7TG9,175.294
20170127,ID000DQ9N61,121.492
20170127,ID000DQCHX0,698.702
20170127,ID000DQLT55,530.75
20170127,ID000DQSH27,2660.057
20170127,ID000DQSMW3,24.318
20170127,ID000DQVD77,3.973
20170127,ID000DQWVG6,97.917
20170127,ID000DQX1C5,57.7
20170127,ID000DQX5F3,149.5
20170127,ID000DQYZF6,12.5
20170127,ID000DR2JV7,199.667
20170127,ID000DRFSF1,16.217
20170127,ID000DRJN68,52.911
20170127,ID000DRJPP2,58.314
20170127,ID000DRKY35,2.9
20170127,ID000DRM8L0,30.8
20170127,ID000DRMCC1,1855.133
20170127,ID000DRQ7C8,94.393
20170127,ID000DRQ961,1.122
20170127,ID000DRT2F3,13.724
20170127,ID000DS2KQ8,1.0
20170127,ID000DSFWB4,55.948
20170127,ID000DSJP25,221.834
20170127,ID000DSJW48,3065.71
20170127,ID000DSMCL9,1429.867
20170127,ID000DSMFG8,2.444
20170127,ID000DSMJ34,174.949
20170127,ID000DSYC54,163.879
20170127,ID000DSZP63,2.403
20170127,ID000DSZQ43,5.39
20170127,ID000DSZYY3,5.092
20170127,ID000DT02W1,32.857
20170127,ID000DT2N99,26617.95
20170127,ID000DT6QX1,221.545
20170127,ID000DTG3Q9,33.104
20170127,ID000DTMGS1,28.707
20170127,ID000DTQ4H6,0.858
20170127,ID000DTQ6W4,12.391
20170127,ID000DTQG52,0.003
20170127,ID000DTWDL4,0.189
20170127,ID000DTZ4J4,0.154
20170127,ID000DTZC97,0.023
20170127,ID000DTZPY0,0.007
20170127,ID000DV4TM4,0.152
20170127,ID000DVB6K8,42.642
20170127,ID000DVBP35,757.633
20170127,ID000DVJ5K2,2846.105
20170127,ID000DVLJQ3,273.511
20170127,ID000DVLMB2,100.014
20170127,ID000DW1KC5,19.11
20170127,ID000DW2ZW9,5.044
20170127,ID000DW75D1,4025.409
20170127,ID000DW9ZW2,169.764
20170127,ID000DWB4H5,7.59
20170127,ID000DWL5N4,84.014
20170127,ID000DWLKC3,8.597
20170127,ID000DWQK10,16.04
20170127,ID000DWRT01,383.677
20170127,ID000DWVTX0,3.496
20170127,ID000DWYBV8,29.566
20170127,ID000DX14M8,45.454
20170127,ID000DX6YZ3,397.57
20170127,ID000DXD4P2,5.824
20170127,ID000DXGWY7,316.42
20170127,ID000DXH432,1719.017
20170127,ID000DXL0F2,8.163
20170127,ID000DXM8V6,5.641
20170127,ID000DXV6Z6,62.66
20170127,ID000DXVC01,77.513
20170127,ID000DXWNN1,83.704
20170127,ID000DY0NL6,39.512
20170127,ID000DY8XZ1,10105.05
20170127,ID000DYF655,26.7
20170127,ID000DYGRS3,3.36
20170127,ID000DYK971,59.034
20170127,ID000DYS8G5,258.98
20170127,ID000DYX8X0,12.211
20170127,ID000DZ5L87,192.524
20170127,ID000DZ5TD4,22.278
20170127,ID000DZDSM7,1317.456
20170127,ID000DZFX80,3.709
20170127,ID000DZG349,1374.822
20170127,ID000DZG5H0,3145.282
20170127,ID000DZGF24,20.137
20170127,ID000F05WB4,178.917
20170127,ID000F08XS1,1181.228
20170127,ID000F09217,167.335
20170127,ID000F0CRR0,20.547
20170127,ID000F0GLQ0,4.031
20170127,ID000F0QP26,5.0
20170127,ID000F0TFR8,1.822
20170127,ID000F0TLL1,739.254
20170127,ID000F11M64,3.444
20170127,ID000F12VH1,2258.03
20170127,ID000F134R9,2.512
20170127,ID000F18L87,0.248
20170127,ID000F18RP5,0.258
20170127,ID000F1CBC9,0.72
20170127,ID000F1DN05,0.409
20170127,ID000F1H7S6,3065.71
20170127,ID000F1HBR8,3065.71
20170127,ID000F1JXC4,2.256
20170127,ID000F1M7P3,22.735
20170127,ID000F1QG33,941.245
20170127,ID000F1RNQ2,19.429
20170127,ID000F1SW54,15.84
20170127,ID000F1VFJ2,13.0
20170127,ID000F1WW59,1868.215
20170127,ID000F1ZCZ7,1534.906
20170127,ID000F22C63,0.97
20170127,ID000F23MB4,595.184
20170127,ID000F257H9,35.637
20170127,ID000F2HXZ9,3211.691
20170127,ID000F2ZCB1,0.7
20170127,ID000F3J121,0.436
20170127,ID000F3J3V5,2.455
20170127,ID000F3LRQ5,222.205
20170127,ID000F3XLP6,1.584
20170127,ID000F45Y40,205.0
20170127,ID000F49Z16,11.5
20170127,ID000F4B403,107.6
20170127,ID000F4F132,48.645
20170127,ID000F4F5S6,15.0
20170127,ID000F4GDJ8,75.028
20170127,ID000F4HRQ8,77.691
20170127,ID000F4LHP6,292.979
20170127,ID000F4LQL0,1131.798
20170127,ID000F4YKT1,7.36
20170127,ID000F502G9,82.615
20170127,ID000F5DLL7,99.682
20170127,ID000F5DZF3,1292.022
20170127,ID000F5L3Q3,63.797
20170127,ID000F5LR80,70.687
20170127,ID000F5P2F3,225.733
20170127,ID000F5W292,100.767
20170127,ID000F5Y7N3,117.0
20170127,ID000F644N1,818.556
20170127,ID000F69RJ0,5.513
20170127,ID000F6DFY4,48.821
20170127,ID000F6VPD5,42.418
20170127,ID000F6YSV6,114.006
20170127,ID000F796Y7,593.444
20170127,ID000F79RP1,199.117
20170127,ID000F7H7Z5,106.261
20170127,ID000F7KW95,829.251
20170127,ID000F7XTG0,59.5
20170127,ID000F7Y7D0,54.852
20170127,ID000F88RM3,126.279
20170127,ID000F8N081,1058.752
20170127,ID000F8N358,76.343
20170127,ID000F8QZN4,17.188
20170127,ID000F8R1W8,238.225
20170127,ID000F8TS57,10.6
20170127,ID000F8TYC6,2012.564
20170127,ID000F8Z6P6,46.256
20170127,ID000F90L24,588.624
20170127,ID000F93K14,135.912
20170127,ID000F9D366,124.117
20170127,ID000F9GD89,50.0
20170127,ID000F9NFR5,307.5
20170127,ID000F9PSS4,16.811
20170127,ID000F9SMB2,507.126
20170127,ID000FBCBB8,83.956
20170127,ID000FBCLZ0,944.039
20170127,ID000FBG126,14582.34
20170127,ID000FBG2N1,53.772
20170127,ID000FBKHG1,153.4
20170127,ID000FBNFK7,9.208
20170127,ID000FBNLN1,3500.638
20170127,ID000FBVFJ0,190.914
20170127,ID000FC4LW0,219.0
20170127,ID000FC6S08,21.789
20170127,ID000FC9ZG2,3.282
20170127,ID000FCF2R6,165.5
20170127,ID000FCF7D0,24.9
20170127,ID000FCM1N4,717.5
20170127,ID000FCPP30,74.3
20170127,ID000FCSLZ1,3.293
20170127,ID000FD10Q4,3822.563
20170127,ID000FD8FS2,285.704
20170127,ID000FDL8Z5,664.5
20170127,ID000FDS9Q6,76.556
20170127,ID000FF0L93,182.209
20170127,ID000FF3942,103.275
20170127,ID000FF3QZ0,6.218
20170127,ID000FF99W5,18.294
20170127,ID000FFHFW2,1633.146
20170127,ID000FFQL68,1.868
20170127,ID000FFRVR2,0.54
20170127,ID000FG1LV5,239.955
20170127,ID000FG1P28,9.157
20170127,ID000FG4J38,106.299
20170127,ID000FGJB93,22.5
20170127,ID000FGQF96,316.42
20170127,ID000FGT5D0,3.141
20170127,ID000FGT7P3,2.667
20170127,ID000FGTH26,398.754
20170127,ID000FH1BB7,25.353
20170127,ID000FH5W54,92.18
20170127,ID000FHLJD6,37.041
20170127,ID000FHTNS3,151.845
20170127,ID000FHZ630,4049.952
20170127,ID000FHZBB0,4049.952
20170127,ID000FJ0XR9,0.063
20170127,ID000FJ81M6,0.823
20170127,ID000FJ9GW1,7.883
20170127,ID000FJDQ27,0.082
20170127,ID000FJH6R0,174.949
20170127,ID000FJTN81,62.642
20170127,ID000FJZH05,37.562
20170127,ID000FK7XP1,5.838
20170127,ID000FK9GF7,2.712
20170127,ID000FKHF33,4.504
20170127,ID000FKHH11,1.187
20170127,ID000FKK0Y8,12.516
20170127,ID000FKL5H5,296.544
20170127,ID000FKMHQ8,102.07
20170127,ID000FKS1X9,7.373
20170127,ID000FKT541,5.123
20170127,ID000FKTB75,70.049
20170127,ID000FKTCZ2,110.502
20170127,ID000FKTDZ0,15.005
20170127,ID000FKW1F4,112.252
20170127,ID000FL3C06,65.348
20170127,ID000FL7KN9,5.79
20170127,ID000FLF4C8,1455.4
20170127,ID000FLGTQ7,35.516
20170127,ID000FLSLY2,174.814
20170127,ID000FLYF23,1692.02
20170127,ID000FLYH74,12.934
20170127,ID000FM6VK7,6566.615
20170127,ID000FM9NR5,533.78
20170127,ID000FMC9Z3,129.242
20170127,ID000FMDJQ0,93.24
20170127,ID000FMPVW3,5836.055
20170127,ID000FMWBL1,268.352
20170127,ID000FNBYB3,153.865
20170127,ID000FNNYL9,1644.033
20170127,ID000FNTK33,0.32
20170127,ID000FNVNW2,0.32
20170127,ID000FNX407,2.798
20170127,ID000FP7811,4.56
20170127,ID000FPCDG8,18.538
20170127,ID000FPCL25,12.225
20170127,ID000FPCPX2,0.037
20170127,ID000FPDYN3,0.036
20170127,ID000FPF0T9,0.057
20170127,ID000FPNC05,16.271
20170127,ID000FQ0WW9,0.405
20170127,ID000FQ6TJ5,19.878
20170127,ID000FQDH85,23.015
20170127,ID000FQH391,19.2
20170127,ID000FQH765,2.2
20170127,ID000FQKZ05,0.409
20170127,ID000FQLJN5,11.203
20170127,ID000FQNSC5,19.2
20170127,ID000FQNV10,2.2
20170127,ID000FQNX98,11.203
20170127,ID000FQP3W6,0.29
20170127,ID000FQP7Q4,76.857
20170127,ID000FQS3G1,340.386
20170127,ID000FR0C15,2.923
20170127,ID000FR0HC2,1.622
20170127,ID000FR1Q22,209.216
20170127,ID000FRL1J7,482.505
20170127,ID000FRWTT3,281.359
20170127,ID000FRYGN5,64.69
20170127,ID000FS2LX6,3.049
20170127,ID000FSGGV4,8.527
20170127,ID000FSQTK7,49.019
20170127,ID000FSSL68,1.833
20170127,ID000FT6KP1,81.471
20170127,ID000FT9S80,40.034
20170127,ID000FTHJW4,4.2
20170127,ID000FTHM66,11.366
20170127,ID000FTPDC0,102.602
20170127,ID000FTTNF1,597.659
20170127,ID000FV67D8,3753.958
20170127,ID000FV7N06,0.863
20170127,ID000FVBS82,14.526
20170127,ID000FVFS15,2.733
20170127,ID000FVJP71,19473.29
20170127,ID000FVNWB6,348.426
20170127,ID000FVQM61,31.0
20170127,ID000FVRTJ1,3634.185
20170127,ID000FVT618,8.937
20170127,ID000FVVP77,1623.057
20170127,ID000FVVP86,1.89
20170127,ID000FVZXJ3,7.858
20170127,ID000FW09K0,48.098
20170127,ID000FWY148,4.3
20170127,ID000FWY4W1,148.016
20170127,ID000FX2H28,31.354
20170127,ID000FX9Q85,8.937
20170127,ID000FXDQV4,99.345
20170127,ID000FXL2Q4,23.9
20170127,ID000FY7D84,6.0
20170127,ID000FYF662,40.4
20170127,ID000FYX2H9,212.548
20170127,ID000FZ5W54,126.432
20170127,ID000FZ8RC4,107.512
20170127,ID000FZG8V6,226.212
20170127,ID000FZGKX7,87.201
20170127,ID000FZV3G7,263.041
20170127,ID000FZV4R3,44.691
20170127,ID000G00T43,580.8
20170127,ID000G0B062,400.594
20170127,ID000G0BBW9,112.804
20170127,ID000G156Y3,125.578
20170127,ID000G15B63,314.692
20170127,ID000G16MW9,2.483
20170127,ID000G17VZ5,52.533
20170127,ID000G183C1,45.99
20170127,ID000G1FJ38,93.816
20170127,ID000G1L194,35.2
20170127,ID000G1M5J3,128.8
20170127,ID000G1M914,10.8
20170127,ID000G1ML17,3.193
20170127,ID000G1NYC6,9.0
20170127,ID000G1Q2B4,12.3
20170127,ID000G1Q4Y5,10.7
20170127,ID000G1Q5K7,176.507
20170127,ID000G1Q9B9,2.6
20170127,ID000G1QDJ2,3.7
20170127,ID000G1RRB8,640.184
20170127,ID000G1TDF3,34.1
20170127,ID000G1VP90,13.888
20170127,ID000G1VQF1,612.113
20170127,ID000G1WYB7,1.237
20170127,ID000G21FW7,116.68
20170127,ID000G236J0,40.1
20170127,ID000G28XB4,482.5
20170127,ID000G38B75,22.863
20170127,ID000G39QV4,11.155
20170127,ID000G3C1N4,22.421
20170127,ID000G3DNR1,0.29
20170127,ID000G3DRX5,1.833
20170127,ID000G3HG65,1133.86
20170127,ID000G3HJ87,1292.022
20170127,ID000G3JZ16,0.863
20170127,ID000G3YZ82,15.438
20170127,ID000G40896,87.4
20170127,ID000G40D68,6.36
20170127,ID000G41WP4,51.231
20170127,ID000G49218,9.59
20170127,ID000G4CYQ7,1281.293
20170127,ID000G4KJC6,229.349
20170127,ID000G4LWB7,25.641
20170127,ID000G4NF68,128.0
20170127,ID000G5G0P5,379.532
20170127,ID000G5JYX9,53.449
20170127,ID000G60M63,5.0
20170127,ID000G61Q63,116.478
20170127,ID000G61XG7,821.533
20170127,ID000G6J4S9,500.0
20170127,ID000G8KDR4,3262.997
20170127,ID000G8KQB2,252.195
20170127,ID000G9LML7,34.7
20170127,ID000G9S788,35.264
20170127,ID000GB1ZP1,38.178
20170127,ID000GB7900,55.896
20170127,ID000GBF3C1,36.141
20170127,ID000GBZBB2,291.414
20170127,ID000GC24Q6,456.659
20170127,ID000GCGPD8,1.3
20170127,ID000GDNH91,0.175
20170127,ID000GF2JL1,292.979
20170127,ID000GFJMH1,0.05
20170127,ID000GFKVT6,0.15
20170127,ID000GFPVK0,63.272
20170127,ID000GFQ3V9,17.468
20170127,ID000GG2JJ2,30.173
20170127,ID000GGNGK3,4929.936
20170127,ID000GGR4D4,0.401
20170127,ID000GHDD83,23.283
20170127,ID000GJCKV8,484.099
20170127,ID000GJX4D1,651.82
20170127,ID000GK3Z15,59.746
20170127,ID000GKSG01,850.563
20170127,ID000GKSLK8,195.38
20170127,ID000GL1CN2,638.022
20170127,ID000GL2XB8,1181.228
20170127,ID000GL49Z3,7.129
20170127,ID000GL7203,0.6
20170127,ID000GLR2T0,499.834
20170127,ID000GLT0J3,548.222
20170127,ID000GLZWZ8,6.419
20170127,ID000GM16L5,26.442
20170127,ID000GM5FQ6,59.3
20170127,ID000GM5V54,337.481
20170127,ID000GM72T0,27.063
20170127,ID000GM7648,324.736
20170127,ID000GM9940,163.482
20170127,ID000GM9C07,533.736
20170127,ID000GMM400,4.691
20170127,ID000GMM9B7,35.736
20170127,ID000GMXR61,28.468
20170127,ID000GN1DK9,381.158
20170127,ID000GN2V64,1069.837
20170127,ID000GN4VX2,43.813
20170127,ID000GN5BB9,554.008
20170127,ID000GNS1J8,506.908
20170127,ID000GP1HQ9,107.761
20170127,ID000GP1W95,130.433
20170127,ID000GP7GZ5,28.977
20170127,ID000GPCH05,3.181
20170127,ID000GPF2F9,0.319
20170127,ID000GPF839,1.205
20170127,ID000GPGKW9,99.958
20170127,ID000GPQCS1,4164.514
20170127,ID000GPS8R9,24.7
20170127,ID000GPZ864,665.069
20170127,ID000GPZ8S0,987.52
20170127,ID000GQH568,188.75
20170127,ID000GQHBZ3,5.943
20170127,ID000GQYB75,4.335
20170127,ID000GR4356,200.0
20170127,ID000GR9XT9,9.945
20170127,ID000GRWLP3,1.855
20170127,ID000GSDST3,107.403
20170127,ID000GSJZ39,43.597
20170127,ID000GSPBF2,26.897
20170127,ID000GSTYN9,174.389
20170127,ID000GSV0Q7,372.147
20170127,ID000GTD3N2,644.808
20170127,ID000GTTHW4,1.711
20170127,ID000GVFQP2,530.473
20170127,ID000GVXBH4,257.997
20170127,ID000GW36J4,5.208
20170127,ID000GW8K80,0.03
20170127,ID000GW9564,561.856
20170127,ID000GWB892,0.711
20170127,ID000GWB9T8,918.479
20170127,ID000GWCVP2,575.745
20170127,ID000GWD0S6,601.995
20170127,ID000GWD408,756.235
20170127,ID000GWH0X6,826.948
20170127,ID000GWNN96,0.158
20170127,ID000GWRDY6,85.348
20170127,ID000GWRHQ6,13.947
20170127,ID000GX1FS4,467.326
20170127,ID000GX49S5,65.146
20170127,ID000GX9WZ1,192.524
20170127,ID000GXB2H4,15.561
20170127,ID000GY0PR2,14582.34
20170127,ID000GY2219,2.16
20170127,ID000GY27K7,21.224
20170127,ID000GY3PS8,1169.865
20170127,ID000GY50P4,39.329
20170127,ID000GY6V57,122.156
20170127,ID000GY9SJ6,26.14
20170127,ID000GYG3F7,0.573
20170127,ID000GYHP85,22.966
20170127,ID000GYZ0J8,200.0
20170127,ID000GZ0GF2,229.7
20170127,ID000GZ0GN3,35.417
20170127,ID000GZ1XZ2,176.537
20170127,ID000GZ4TS6,8.497
20170127,ID000GZMB69,79.014
20170127,ID000GZVQS2,90.627
20170127,ID000H066N5,472.507
20170127,ID000H0CZF3,21.361
20170127,ID000H1GN37,19.495
20170127,ID000H1JFW9,478.297
20170127,ID000H1RW80,9.247
20170127,ID000H1YRQ3,0.272
20170127,ID000H21MJ6,6.282
20170127,ID000H21RL2,3.437
20170127,ID000H291V0,98.961
20170127,ID000H2BF55,1224.473
20170127,ID000H2F6L3,317.158
20170127,ID000H2KQR7,217.463
20170127,ID000H2KRD0,54.524
20170127,ID000H2PVN5,309.45
20170127,ID000H2RD53,1726.2
20170127,ID000H3GD08,1.054
20170127,ID000H3QJ77,324.11
20170127,ID000H463Q1,581.845
20170127,ID000H46FY5,8846.39
20170127,ID000H46L81,1391.476
20170127,ID000H49B53,21.959
20170127,ID000H4S5W5,324.11
20170127,ID000H50NB6,224.376
20170127,ID000H54YZ2,7.391
20170127,ID000H59FF0,8.734
20170127,ID000H6CHP9,16.215
20170127,ID000H6R123,1.361
20170127,ID000H729M9,338.025
20170127,ID000H79SM0,1.36
20170127,ID000H7G3V7,325.976
20170127,ID000H7K4W9,5.504
20170127,ID000H7XNG1,651.82
20170127,ID000H8FXT3,59.188
20170127,ID000H8K527,193.708
20170127,ID000H8LK50,122.628
20170127,ID000H90QG6,6566.615
20170127,ID000H93SB4,39.516
20170127,ID000H9JZZ5,5037.805
20170127,ID000H9N719,5.62
20170127,ID000H9WC45,1256.413
20170127,ID000HB0V89,14582.34
20170127,ID000HBBYC6,91.434
20170127,ID000HBJTT1,36.0
20170127,ID000HBMSL7,582.923
20170127,ID000HBS7R1,78.301
20170127,ID000HC0NW8,62.491
20170127,ID000HC1Y35,12.517
20170127,ID000HC4ZT1,1113.234
20170127,ID000HCL2Z8,143.409
20170127,ID000HCMQJ2,0.593
20170127,ID000HCXPD8,0.481
20170127,ID000HD1TF1,2661.795
20170127,ID000HD56M9,5019.759
20170127,ID000HD6BK9,4739.0
20170127,ID000HD6F93,7775.351
20170127,ID000HDBXP0,169.535
20170127,ID000HDFQV4,9.006
20170127,ID000HDS3L2,8.034
20170127,ID000HDTMS2,3.8
20170127,ID000HF3Y54,573.279
20170127,ID000HFFY33,0.228
20170127,ID000HFPD29,124.045
20170127,ID000HFW4L0,1256.413
20170127,ID000HFW5T9,1.425
20170127,ID000HFW7F0,116.801
20170127,ID000HG6B95,2.059
20170127,ID000HGFQK9,1.863
20170127,ID000HGJHL4,99.951
20170127,ID000HGNWJ9,81.835
20170127,ID000HGT4P8,122.903
20170127,ID000HGX7R4,3.8
20170127,ID000HH0HR6,958.711
20170127,ID000HH1S28,8.034
20170127,ID000HH3LW8,3.771
20170127,ID000HH9236,51.274
20170127,ID000HHBQ85,60.617
20170127,ID000HHBQD9,53.872
20170127,ID000HHD543,3.8
20170127,ID000HHD650,1509.788
20170127,ID000HHH3S8,70.463
20170127,ID000HHP4W2,102.559
20170127,ID000HHS5V7,9958.766
20170127,ID000HHS823,5.013
20170127,ID000HHVWR9,0.363
20170127,ID000HHVYZ6,0.363
20170127,ID000HJ1YM9,52.592
20170127,ID000HJ82X0,127.556
20170127,ID000HJHCG7,14.522
20170127,ID000HJMMM2,169.997
20170127,ID000HJP9Q4,11.715
20170127,ID000HJTKL0,4676.902
20170127,ID000HJW9B2,0.673
20170127,ID000HKMFG1,474.319
20170127,ID000HL0067,42.288
20170127,ID000HL1GD3,3164.619
20170127,ID000HL1KV4,667.968
20170127,ID000HLFD90,973.233
20170127,ID000HLTCJ6,25.027
20170127,ID000HLYNS6,11.267
20170127,ID000HM1L13,197.351
20170127,ID000HM8Y45,4.856
20170127,ID000HMFFC9,15.261
20170127,ID000HMKLY6,1049.138
20170127,ID000HMKXS7,12.34
20170127,ID000HMP0G7,245.375
20170127,ID000HN25G9,73.552
20170127,ID000HNFV23,375.319
20170127,ID000HP8YT1,294.325
20170127,ID000HPD2S6,2.131
20170127,ID000HPT4W0,3.2
20170127,ID000HPVHW8,26.36
20170127,ID000HQ54K7,47.043
20170127,ID000HQ97J8,1117.926
20170127,ID000HQBD66,15.142
20170127,ID000HQMK86,525.74
20170127,ID000HQT289,158.245
20170127,ID000HQT7K4,112.661
20170127,ID000HQTBP0,221.955
20170127,ID000HQXK39,2.512
20170127,ID000HR1NZ1,6566.615
20170127,ID000HR2W53,1.56
20170127,ID000HR36J4,35.489
20170127,ID000HR5P37,5037.805
20170127,ID000HRCK21,20.65
20170127,ID000HRGLS7,351.8
20170127,ID000HS11H7,278.728
20170127,ID000HS6V59,841.542
20170127,ID000HSSVH2,3.727
20170127,ID000HST070,611.614
20170127,ID000HSWCR8,250.226
20170127,ID000HT2H25,97.405
20170127,ID000HT2VC3,108.879
20170127,ID000HTCRY7,4076.634
20170127,ID000HTDW48,0.366
20170127,ID000HTGRS0,177.006
20170127,ID000HTK8X1,28.128
20170127,ID000HTNCP8,66.791
20170127,ID000HV4HM6,2529.715
20170127,ID000HVFNB3,579.542
20170127,ID000HVJ760,0.51
20170127,ID000HVT1P1,405.556
20170127,ID000HW0214,54.809
20170127,ID000HW8HZ6,221.63
20170127,ID000HW8JC7,45.648
20170127,ID000HW8L05,0.51
20170127,ID000HWC6X7,25.9
20170127,ID000HWCD62,18.475
20170127,ID000HWDXK1,65.24
20170127,ID000HWGMB2,8.0
20170127,ID000HWKM45,4.304
20170127,ID000HWSTW1,41.277
20170127,ID000HX0V09,0.92
20170127,ID000HX1B75,49.459
20170127,ID000HXJ2N8,120.0
20170127,ID000HYKHK4,1100.66
20170127,ID000HYNKR7,302.331
20170127,ID000HYNNK8,3.458
20170127,ID000HYW0X4,6.633
20170127,ID000HZ9450,28.0
20170127,ID000HZ95Y5,937.433
20170127,ID000HZNYT2,642.822
20170127,ID000HZQ3L5,28.738
20170127,ID000J0TKJ2,16963.24
20170127,ID000J13PL4,12.3
20170127,ID000J185N1,10.04
20170127,ID000J189M4,15.5
20170127,ID000J19HG2,6.785
20170127,ID000J1BQN1,2.729
20170127,ID000J1C173,26.335
20170127,ID000J1C4H6,57.0
20170127,ID000J1MQ68,50.6
20170127,ID000J1TWG7,0.412
20170127,ID000J20BJ9,309.298
20170127,ID000J20PS8,6.506
20170127,ID000J22074,5.164
20170127,ID000J26G39,287.923
20170127,ID000J298G0,2453.572
20170127,ID000J29Q70,842.021
20170127,ID000J2QSX8,19.872
20170127,ID000J2W721,25.168
20170127,ID000J321N2,1.087
20170127,ID000J33FY8,4.787
20170127,ID000J34SQ8,0.749
20170127,ID000J351C1,0.332
20170127,ID000J355C2,686.619
20170127,ID000J36GT9,0.535
20170127,ID000J3XHF2,24.554
20170127,ID000J43DL5,0.857
20170127,ID000J46673,0.497
20170127,ID000J4XBS9,26.209
20170127,ID000J507Y4,17.793
20170127,ID000J5YLK1,0.775
20170127,ID000J68LB8,28.262
20170127,ID000J6SXZ4,4.031
20170127,ID000J6V8G6,0.72
20170127,ID000J7PMH9,450.026
20170127,ID000J7SKX2,19.655
20170127,ID000J82Q56,3.15
20170127,ID000J89QK2,75.957
20170127,ID000J8HV59,1489.539
20170127,ID000J8TZF6,304.695
20170127,ID000J8V0L3,4.458
20170127,ID000J90WF2,37.12
20170127,ID000J93ZS8,266.082
20170127,ID000J9N1Z3,1224.473
20170127,ID000J9PDR4,6.506
20170127,ID000J9PL96,446.692
20170127,ID000J9QX71,8.163
20170127,ID000J9R2Q7,5.824
20170127,ID000J9SD46,275.408
20170127,ID000J9SLG5,1.108
20170127,ID000J9SQF5,1239.758
20170127,ID000JC5CG3,3.425
20170127,ID000JD0TP9,436.302
20170127,ID000JD2KF7,1.471
20170127,ID000JD5BV6,0.005
20170127,ID000JD71M6,68.283
20170127,ID000JDLX22,450.086
20170127,ID000JG03L3,4.932
20170127,ID000JG1Q77,46.068
20170127,ID000JGBP32,51.839
20170127,ID000JGJL60,2556.477
20170127,ID000JGNZ28,254.4
20170127,ID000JH3445,7.914
20170127,ID000JH7Q15,27.393
20170127,ID000JH98D0,484.176
20170127,ID000JJ39W9,100.721
20170127,ID000JJPDL8,5.637
20170127,ID000JJQTP8,55.283
20170127,ID000JJY241,0.56
20170127,ID000JJZF87,0.21
20170127,ID000JK5ZS1,7200.192
20170127,ID000JKR6K9,86.067
20170127,ID000JL1DX6,7.805
20170127,ID000JLCD82,143.876
20170127,ID000JLF2T0,20.055
20170127,ID000JLH3S7,3.54
20170127,ID000JM00D5,32.127
20170127,ID000JM41R4,244.175
20170127,ID000JM7BS8,17.998
20170127,ID000JM9929,229.43
20170127,ID000JMHK52,330.083
20170127,ID000JMSCW8,7.303
20170127,ID000JMSXF1,8.036
20170127,ID000JMVVD3,8.036
20170127,ID000JMVYG4,64.134
20170127,ID000JN1792,27.055
20170127,ID000JN74D8,0.033
20170127,ID000JN9C93,2074.549
20170127,ID000JNDVB3,1205.234
20170127,ID000JNDVG8,10.04
20170127,ID000JNQL67,7.11
20170127,ID000JNZ5W3,170.339
20170127,ID000JP5FX8,111.294
20170127,ID000JPRBH1,1.575
20170127,ID000JQ4C19,9.0
20170127,ID000JQ9RW7,0.583
20170127,ID000JQ9VD9,0.335
20170127,ID000JQ9ZF8,0.484
20170127,ID000JQB3C9,0.119
20170127,ID000JQB981,0.033
20170127,ID000JQDYM8,0.031
20170127,ID000JQF0D0,111.662
20170127,ID000JQJ6H9,75.14
20170127,ID000JQT615,48.927
20170127,ID000JRVP54,58.919
20170127,ID000JS2SN8,0.218
20170127,ID000JS7B78,0.48
20170127,ID000JSDY08,1.78
20170127,ID000JSF180,1.78
20170127,ID000JSF830,0.44
20170127,ID000JSQ4V6,43.945
20170127,ID000JSSPP4,2.875
20170127,ID000JSX153,57.51
20170127,ID000JSZMQ2,137.316
20170127,ID000JT2P43,203.587
20170127,ID000JT4H94,2453.572
20170127,ID000JTCXH1,0.44
20170127,ID000JTD019,8.027
20170127,ID000JTD340,8.027
20170127,ID000JTD5X3,9.18
20170127,ID000JTRHL5,25.689
20170127,ID000JVQ7Q8,35.417
20170127,ID000JWTMQ0,71.918
20170127,ID000JWWBJ8,911.03
20170127,ID000JX1NH6,14582.34
20170127,ID000JX3D13,950.855
20170127,ID000JX4JW5,929.645
20170127,ID000JX4VV9,5037.805
20170127,ID000JX4YW2,2453.572
20170127,ID000JXQ7N7,1154.678
20170127,ID000JXTLH0,25.232
20170127,ID000JY0H33,38.769
20170127,ID000JY0TP3,5.061
20170127,ID000JY6JK4,128.16
20170127,ID000JYZ4V3,4676.902
20170127,ID000JZK1J6,44.91
20170127,ID000JZMJG8,0.313
20170127,ID000JZTKQ7,2.72
20170127,ID000K00FR3,1.267
20170127,ID000K00HV4,461.332
20170127,ID000K03HF9,52.404
20170127,ID000K1JBZ1,5.881
20170127,ID000K1MSQ0,1027.135
20170127,ID000K1QKV7,19473.29
20170127,ID000K1RWY7,4.031
20170127,ID000K1T0N7,1671.23
20170127,ID000K1THQ7,0.72
20170127,ID000K26KH3,1.139
20170127,ID000K26M61,0.764
20170127,ID000K2DLL8,345.913
20170127,ID000K3J027,0.186
20170127,ID000K3J615,0.186
20170127,ID000K3ZLV1,0.636
20170127,ID000K3ZRN7,1.65
20170127,ID000K48NZ1,79.849
20170127,ID000K4VCB5,1887.769
20170127,ID000K5B0G5,4.37
20170127,ID000K5DN37,80.407
20170127,ID000K65GY5,14582.34
20170127,ID000K6JSH3,9.142
20170127,ID000K6K5P2,6.36
20170127,ID000K6MPD9,153.4
20170127,ID000K6MVN5,132.365
20170127,ID000K6MWM4,35.2
20170127,ID000K6MZF5,9.0
20170127,ID000K6N551,34.1
20170127,ID000K73HK8,10.8
20170127,ID000K73MB7,2.6
20170127,ID000K73QH2,40.1
20170127,ID000K73VW4,87.4
20170127,ID000K76Q34,124.97
20170127,ID000K76RW0,128.8
20170127,ID000K76WD0,12.3
20170127,ID000K76YW5,10.7
20170127,ID000K771S1,3.7
20170127,ID000K79NK9,300.219
20170127,ID000K7Z994,55.818
20170127,ID000K7ZMS4,55.767
20170127,ID000K82WN1,24.613
20170127,ID000K84264,64.107
20170127,ID000K8KC37,3.03
20170127,ID000K8R8V8,0.613
20170127,ID000K8RFX0,233.382
20170127,ID000K9ZWK6,9.118
20170127,ID000KB54C5,42.966
20170127,ID000KC1BS4,2.194
20170127,ID000KCPPK5,21.884
20170127,ID000KD8SP1,9.32
20170127,ID000KDCPL6,147.8
20170127,ID000KDG6T6,273.218
20170127,ID000KDNJQ3,6.0
20170127,ID000KDXZM0,341.727
20170127,ID000KDY7P8,295.722
20170127,ID000KDZCG6,655.892
20170127,ID000KF3VP4,1855.83
20170127,ID000KF3WZ1,1180.537
20170127,ID000KFW2Y6,59.408
20170127,ID000KGG2G2,2.202
20170127,ID000KGJK79,127.612
20170127,ID000KGQPX1,1486.455
20170127,ID000KGRXJ9,549.34
20170127,ID000KGTC03,51.666
20170127,ID000KGXK28,5037.805
20170127,ID000KHCNC2,158.794
20170127,ID000KHSXN1,1.003
20170127,ID000KJQD08,43.333
20170127,ID000KJS3T7,75.718
20170127,ID000KJTDJ5,69.802
20170127,ID000KJYKZ5,29.321
20170127,ID000KK6746,13.347
20170127,ID000KK7J03,68.127
20170127,ID000KKVJQ8,6.979
20170127,ID000KKZZW1,53.782
20170127,ID000KL47P3,99.151
20170127,ID000KL72Y1,83.43
20170127,ID000KLK4L6,69.586
20170127,ID000KLQV21,605.505
20170127,ID000KM24B5,1.8
20170127,ID000KM25X8,0.975
20170127,ID000KM3B19,0.125
20170127,ID000KM3HD3,0.71
20170127,ID000KM7N82,114.025
20170127,ID000KMBJ13,1.387
20170127,ID000KMGZG6,515.594
20170127,ID000KMH223,1391.476
20170127,ID000KMJ8R1,118.656
20170127,ID000KMJK12,50.083
20170127,ID000KP4WH8,153.4
20170127,ID000KP7QZ8,35.2
20170127,ID000KP8217,128.8
20170127,ID000KP8468,10.8
20170127,ID000KP87F1,9.0
20170127,ID000KP9DN8,12.3
20170127,ID000KPBJZ9,10.7
20170127,ID000KPBMS0,6.0
20170127,ID000KPBQQ3,2.6
20170127,ID000KPBSS7,3.7
20170127,ID000KPBVN5,34.1
20170127,ID000KPBZJ1,40.1
20170127,ID000KPC1H7,6.36
20170127,ID000KPC6C1,3.065
20170127,ID000KR9YG6,60.75
20170127,ID000KRS603,3.888
20170127,ID000KRTT02,16.589
20170127,ID000KRXV57,202.717
20170127,ID000KS3KH9,707.246
20170127,ID000KSQJR6,26.142
20170127,ID000KTVB40,1.56
20170127,ID000KTVFR6,1.56
20170127,ID000KVBD43,46.038
20170127,ID000KVF7T5,3.075
20170127,ID000KVFDR4,9.032
20170127,ID000KVWWS2,17.8
20170127,ID000KW2ZP9,305.527
20170127,ID000KWGFZ7,1.259
20170127,ID000KWN4Z4,68.387
20170127,ID000KWN938,0.933
20170127,ID000KWV939,6068.355
20170127,ID000KWVDJ3,0.649
20170127,ID000KXQMX1,426.13
20170127,ID000KXRPP2,1263.361
20170127,ID000KXS3S7,67.553
20170127,ID000KXS7T7,1.754
20170127,ID000KXTCM2,9.032
20170127,ID000KY4TP7,116.977
20170127,ID000KYL0Y1,23.942
20170127,ID000KYV1V1,93.141
20170127,ID000KYV301,0.45
20170127,ID000KYVCK9,11.935
20170127,ID000KYZNK1,474.16
20170127,ID000KZPN01,20.441
20170127,ID000KZTZN5,5.613
20170127,ID000L0JMY9,14582.34
20170127,ID000L0P6S4,36.094
20170127,ID000L16DG1,7.402
20170127,ID000L190Y6,9.46
20170127,ID000L1KH94,1.65
20170127,ID000L1RN21,72.118
20170127,ID000L216V2,884.936
20170127,ID000L2Q4C1,4676.902
20170127,ID000L2ZZ14,1141.141
20170127,ID000L32NY9,1.811
20170127,ID000L32T21,23.997
20170127,ID000L330H7,2.979
20170127,ID000L34530,19.667
20170127,ID000L38Q49,185.626
20170127,ID000L4LX29,4.798
20170127,ID000L4WGT5,4.031
20170127,ID000L4WT26,0.72
20170127,ID000L5MRL7,1.166
20170127,ID000L5MXC4,1.467
20170127,ID000L63Z29,74.816
20170127,ID000L6LFP8,1.127
20170127,ID000L6W5T4,149.477
20170127,ID000L8FL14,11.086
20170127,ID000L8MLH9,1551.35
20170127,ID000L8TPX5,1551.35
20170127,ID000L9DG88,11350.76
20170127,ID000L9KTP3,66.525
20170127,ID000L9VSZ2,0.898
20170127,ID000LB1XY0,16.909
20170127,ID000LBJ1J8,0.175
20170127,ID000LBMPH3,1877.604
20170127,ID000LBQ262,2.595
20170127,ID000LBTHQ4,22.168
20170127,ID000LBZX19,1379.295
20170127,ID000LC5QM2,52.697
20170127,ID000LCK364,59.1
20170127,ID000LCK3V6,307.447
20170127,ID000LCKBR3,222.383
20170127,ID000LCXYP1,4.049
20170127,ID000LD6QY6,6.013
20170127,ID000LDWNC8,0.15
20170127,ID000LDZ491,3245.049
20170127,ID000LF51H6,4146.693
20170127,ID000LF7TQ3,2720.532
20170127,ID000LF7V88,5019.759
20170127,ID000LF7Y46,743.923
20170127,ID000LF7Z07,7775.351
20170127,ID000LF8110,5257.816
20170127,ID000LF82C6,2068.998
20170127,ID000LF83K5,1374.822
20170127,ID000LF8548,3073.19
20170127,ID000LFQCN2,5.631
20170127,ID000LFQG62,0.352
20170127,ID000LFYR14,0.038
20170127,ID000LFZVB3,1.949
20170127,ID000LG0BW0,25.729
20170127,ID000LGGPW2,19.826
20170127,ID000LGNND0,71.581
20170127,ID000LGVDT6,38.85
20170127,ID000LH0MV5,75.013
20170127,ID000LH0QQ2,30.668
20170127,ID000LH6FJ8,231.599
20170127,ID000LH6L23,340.841
20170127,ID000LHBC72,13.455
20170127,ID000LHMPK6,4.086
20170127,ID000LHT3W5,442.0
20170127,ID000LHTBB0,0.141
20170127,ID000LJ8PM6,11836.76
20170127,ID000LJ8SB2,31.802
20170127,ID000LJGBN7,92.295
20170127,ID000LJJC16,100.0
20170127,ID000LJPPJ1,0.126
20170127,ID000LJRMP9,0.614
20170127,ID000LK4CQ2,75.025
20170127,ID000LK8994,614.993
20170127,ID000LKB5J7,78.936
20170127,ID000LKDCN5,8.036
20170127,ID000LKHWG5,23.852
20170127,ID000LKKZB9,61.654
20170127,ID000LKMDQ0,0.375
20170127,ID000LL94K9,7.254
20170127,ID000LN89F1,91.594
20170127,ID000LNDYD2,3.058
20170127,ID000LNLRX6,35.544
20170127,ID000LNVVC9,141.955
20170127,ID000LPGXJ0,3.66
20170127,ID000LPJCG6,4.2
20170127,ID000LPWWD0,22.742
20170127,ID000LQ5RD9,39.441
20170127,ID000LQ8WR0,4.875
20170127,ID000LQSP75,1.598
20170127,ID000LS0C89,25.185
20170127,ID000LSGX40,332.71
20170127,ID000LSR8P0,0.299
20170127,ID000LTK5V4,7.744
20170127,ID000LV7K50,23.22
20170127,ID000LV8XM2,14.778
20170127,ID000LV9089,60.045
20170127,ID000LVB7R0,1.005
20170127,ID000LW0T38,378.537
20170127,ID000LW3MC0,1240.916
20170127,ID000LWNWP2,1.254
20170127,ID000LWRTC9,12.575
20170127,ID000LXG407,7.368
20170127,ID000LXG6P5,2.563
20170127,ID000LXG880,2.7
20170127,ID000LXHBN5,14.674
20170127,ID000LXHCN3,4.911
20170127,ID000LXHF10,55.773
20170127,ID000LXHFX5,0.397
20170127,ID000LXHH16,56.505
20170127,ID000LXHL44,17.027
20170127,ID000LXHNH6,3.551
20170127,ID000LXHQ25,127.223
20170127,ID000LXHRK3,3.215
20170127,ID000LXHT47,52.189
20170127,ID000LXHWZ6,1.82
20170127,ID000LY78R7,10.633
20170127,ID000LY7C16,113.047
20170127,ID000LYBGY6,45.909
20170127,ID000LYJ9N6,23.262
20170127,ID000LYV8C6,50.0
20170127,ID000LZ2NG8,110.0
20170127,ID000LZZSP1,886.348
20170127,ID000M011J0,108.746
20170127,ID000M0D8M8,98.425
20170127,ID000M0FXH7,3389.104
20170127,ID000M0RRD1,5.07
20170127,ID000M100M7,929.645
20170127,ID000M14FL1,503.75
20170127,ID000M1HRD0,3.119
20170127,ID000M1PSM9,4.465
20170127,ID000M1R823,11.545
20170127,ID000M23NC3,10.45
20170127,ID000M2D069,234.412
20170127,ID000M2MGS0,951.22
20170127,ID000M2VPB8,486.208
20170127,ID000M32S95,144.746
20170127,ID000M34GM4,2.809
20170127,ID000M38NP2,0.171
20170127,ID000M3HZF6,4330.085
20170127,ID000M3SN89,302.898
20170127,ID000M3WCW1,11.271
20170127,ID000M5Q1X6,714.293
20170127,ID000M5SPK5,94.825
20170127,ID000M5SW48,2.306
20170127,ID000M62LX6,7.222
20170127,ID000M68MY7,714.293
20170127,ID000M6JVT1,67.492
20170127,ID000M6QVZ6,29.22
20170127,ID000M7DH52,76.218
20170127,ID000M7NYJ9,209.376
20170127,ID000M7T338,3.787
20170127,ID000M8MXM6,0.183
20170127,ID000M8P2G8,20.779
20170127,ID000M8SFK1,3.614
20170127,ID000M9L2F1,20.829
20170127,ID000MCTC55,11.697
20170127,ID000MCWP07,0.9
20170127,ID000MD5CQ6,104.649
20170127,ID000MDN4R3,120.597
20170127,ID000MF6B19,79.0
20170127,ID000MFRDQ5,49.738
20170127,ID000MFRMZ5,24.812
20170127,ID000MG5PC5,8.036
20170127,ID000MG7699,82.13
20170127,ID000MGLKB9,89.223
20170127,ID000MGW9T3,29.748
20170127,ID000MH29M1,9.983
20170127,ID000MHFPT4,105.406
20170127,ID000MHFRK9,105.406
20170127,ID000MHFSB7,49.101
20170127,ID000MHTHX2,1645.146
20170127,ID000MHXBV2,10.785
20170127,ID000MHXHQ5,0.171
20170127,ID000MJ0N66,11.271
20170127,ID000MJGT84,37.5
20170127,ID000MJR8Y9,75.79
20170127,ID000MJVSD3,2074.549
20170127,ID000MKDW14,63.0
20170127,ID000ML1TL0,14.907
20170127,ID000ML29C3,2453.572
20170127,ID000MLFDZ5,111.903
20170127,ID000MLFJ28,247.559
20170127,ID000MLMH42,149.738
20170127,ID000MLT0K4,24.451
20170127,ID000MM8G20,3.776
20170127,ID000MM8ZX4,60.274
20170127,ID000MPPCP8,293.268
20170127,ID000MPRWH1,51.75
20170127,ID000MPYSW5,441.323
20170127,ID000MPYV49,125.997
20170127,ID000MQ7FF0,10.833
20170127,ID000MR2J29,20.0
20170127,ID000MR2N75,22.484
20170127,ID000MRQSR6,1.025
20170127,ID000MT6W40,59.857
20170127,ID000MTK106,3281.394
20170127,ID000MTP0X7,265.779
20170127,ID000MTW176,153.4
20170127,ID000MTYXN6,35.2
20170127,ID000MV07Z2,128.8
20170127,ID000MV1DS6,10.8
20170127,ID000MV1XG5,34.1
20170127,ID000MV1ZV3,40.1
20170127,ID000MV3404,87.4
20170127,ID000MV48W9,6.36
20170127,ID000MV4R75,125.605
20170127,ID000MVS6M8,46.846
20170127,ID000MXBSY1,18.967
20170127,ID000MXBZ75,2443.158
20170127,ID000MXFMY0,41.633
20170127,ID000MXYX02,9.051
20170127,ID000MYF3S7,6.063
20170127,ID000MYY0X6,90.424
20170127,ID000MZBVD2,1.01
20170127,ID000MZHB95,1.182
20170127,ID000MZQ393,2.659
20170127,ID000MZRG57,3.897
20170127,ID000N06TW8,37.274
20170127,ID000N17TD6,195.34
20170127,ID000N1FK28,0.126
20170127,ID000N1FPK7,0.126
20170127,ID000N1JFG0,0.68
20170127,ID000N1M8M5,102.286
20170127,ID000N1NKQ3,0.68
20170127,ID000N1NNR6,5.58
20170127,ID000N1NS68,5.58
20170127,ID000N1PXG4,1.04
20170127,ID000N1Q1B8,1.04
20170127,ID000N1Q477,0.93
20170127,ID000N1Q7X1,0.93
20170127,ID000N1RC50,2.535
20170127,ID000N1RGL3,2.535
20170127,ID000N1RL78,0.255
20170127,ID000N1SSD5,0.255
20170127,ID000N1WXX7,75.595
20170127,ID000N2BZ81,1978.884
20170127,ID000N2JMT9,1.063
20170127,ID000N2L719,24.861
20170127,ID000N2RW18,292.27
20170127,ID000N348Z7,11.208
20170127,ID000N44K79,11.705
20170127,ID000N4B6Z1,129.813
20170127,ID000N4F7L0,119.098
20170127,ID000N4LVJ3,0.425
20170127,ID000N4PKK1,0.425
20170127,ID000N4PT59,1.85
20170127,ID000N4S9T4,3.802
20170127,ID000N4SB73,1.85
20170127,ID000N4TTZ2,2.775
20170127,ID000N4W731,2.775
20170127,ID000N56274,115.98
20170127,ID000N57Q34,317.345
20170127,ID000N5F817,65.026
20170127,ID000N5LRT8,32.197
20170127,ID000N61YP7,0.396
20170127,ID000N6FL61,13.477
20170127,ID000N6QCK3,1.301
20170127,ID000N6QFG1,0.949
20170127,ID000N6QGJ6,1.306
20170127,ID000N6SSK6,0.637
20170127,ID000N6SV47,0.503
20170127,ID000N6SY96,0.45
20170127,ID000N6SZN7,1.781
20170127,ID000N6T1F0,0.315
20170127,ID000N6T320,1.72
20170127,ID000N6T4X4,0.423
20170127,ID000N6T8X5,0.464
20170127,ID000N6TD73,2.352
20170127,ID000N6WN77,0.088
20170127,ID000N6WQ52,0.081
20170127,ID000N6WSC0,0.058
20170127,ID000N7N9V9,9.59
20170127,ID000N7W9F7,2.221
20170127,ID000N7XDM9,9.314
20170127,ID000N7Z4W6,3634.185
20170127,ID000N864S1,1.906
20170127,ID000N86937,13.555
20170127,ID000N86C12,0.7
20170127,ID000N87J98,2.414
20170127,ID000N8GHT0,84.014
20170127,ID000N9L260,10.486
20170127,ID000N9X114,201.553
20170127,ID000NBKGB9,3.499
20170127,ID000NBPGX0,2.835
20170127,ID000NBSHL8,214.958
20170127,ID000NBW9M0,0.05
20170127,ID000NC39F8,1.567
20170127,ID000NCL995,2.235
20170127,ID000NCTJG7,41.368
20170127,ID000NCTSY7,236.346
20170127,ID000NCTVD3,236.346
20170127,ID000NCW1Z1,90.015
20170127,ID000NCZVK8,3663.807
20170127,ID000ND1T73,7.468
20170127,ID000ND1VG8,22.794
20170127,ID000ND1Y18,482.207
20170127,ID000ND49C8,0.708
20170127,ID000ND79K6,541.744
20170127,ID000NDLMD9,1.131
20170127,ID000NDLRC9,86.71
20170127,ID000NDQHC6,1153.099
20170127,ID000NDYF40,1.725
20170127,ID000NDYQS0,17.131
20170127,ID000NFNBV6,28.229
20170127,ID000NFPH41,5.573
20170127,ID000NG2DL4,3.51
20170127,ID000NG4X83,87.25
20170127,ID000NGJD90,24.457
20170127,ID000NGQ5Q0,3.888
20170127,ID000NGTDS8,27.709
20170127,ID000NH2QV2,267.327
20170127,ID000NHG9V5,4.219
20170127,ID000NHK5F6,1.959
20170127,ID000NHK6L7,850.563
20170127,ID000NHW8S3,66.917
20170127,ID000NHW9T0,398.702
20170127,ID000NJ1SK7,364.527
20170127,ID000NJ30V4,1.194
20170127,ID000NJ9422,35.999
20170127,ID000NJGLM4,31.862
20170127,ID000NK3RZ8,1.821
20170127,ID000NKC0M1,0.073
20170127,ID000NKFQC2,4330.085
20170127,ID000NKL498,421.053
20170127,ID000NKRK78,0.007
20170127,ID000NLS587,1.643
20170127,ID000NMB7L4,56.125
20170127,ID000NMBQ78,7.364
20170127,ID000NMJ8Z9,37.364
20170127,ID000NNQP45,190.143
20170127,ID000NNQWY7,0.87
20170127,ID000NNXGX5,16.713
20170127,ID000NP0BZ5,6068.355
20170127,ID000NP0D18,30.217
20170127,ID000NP0F13,617.166
20170127,ID000NP0FG7,7.012
20170127,ID000NP2RZ8,3578.264
20170127,ID000NP2W23,950.855
20170127,ID000NP2XL0,8846.39
20170127,ID000NP3166,762.125
20170127,ID000NPC987,975.956
20170127,ID000NPGF16,17.091
20170127,ID000NQ90D2,1.2
20170127,ID000NQ99W2,17.296
20170127,ID000NQCTZ1,64.222
20170127,ID000NQCXG3,8.201
20170127,ID000NQJ2J1,16.394
20170127,ID000NQKWF7,483.241
20170127,ID000NQV2C4,2627.115
20170127,ID000NQWJL6,331.939
20170127,ID000NQXR55,52.92
20170127,ID000NR82W6,2.414
20170127,ID000NR85B2,1.75
20170127,ID000NRTD77,2453.572
20170127,ID000NRTGD3,6566.615
20170127,ID000NS3ZY4,11.095
20170127,ID000NSHN12,3217.188
20170127,ID000NSJR93,2027.128
20170127,ID000NSK7H6,1.304
20170127,ID000NSV604,3245.049
20170127,ID000NSX4L4,0.032
20170127,ID000NSX844,0.005
20170127,ID000NSXPT9,439.446
20170127,ID000NTBB21,17.11
20170127,ID000NTGH41,113.827
20170127,ID000NTPNR3,288.712
20170127,ID000NTQ3B3,2660.057
20170127,ID000NTWLN3,1.125
20170127,ID000NTYBS8,55.385
20170127,ID000NTZTZ0,6.007
20170127,ID000NVLV12,15.261
20170127,ID000NVM4K0,270.705
20170127,ID000NVM714,2.131
20170127,ID000NVXKJ4,9.047
20170127,ID000NWKS36,510.164
20170127,ID000NWLCS3,5.79
20170127,ID000NWQBJ0,66.226
20170127,ID000NWWX69,1.885
20170127,ID000NWX8K7,2334.342
20170127,ID000NWYG64,707.246
20170127,ID000NX0CW9,32.794
20170127,ID000NXY9H6,58.165
20170127,ID000NY0115,1020.235
20170127,ID000NY5TC7,6.0
20170127,ID000NY7J91,12.803
20170127,ID000NYBMX2,408.995
20170127,ID000NYBW88,358.747
20170127,ID000NYDX57,14.47
20170127,ID000NYF164,10.702
20170127,ID000NYGLW0,79.281
20170127,ID000NYJVX4,2.733
20170127,ID000NYZ000,35.489
20170127,ID000NZ4H22,84.12
20170127,ID000NZ4ZK2,1.591
20170127,ID000NZQW34,42.617
20170127,ID000NZR2P5,43.617
20170127,ID000NZT5Q5,317.529
20170127,ID000NZVKK5,2.72
20170127,ID000P0LC10,1.071
20170127,ID000P0WDF1,413.671
20170127,ID000P1HJ27,10.615
20170127,ID000P1VRN0,406.158
20170127,ID000P2BT47,232.775
20170127,ID000P2PQS2,124.426
20170127,ID000P2PSP1,37.043
20170127,ID000P2Q1W1,0.589
20170127,ID000P2Q7T2,0.38
20170127,ID000P2RDZ1,0.065
20170127,ID000P2Y517,16.081
20170127,ID000P33LR6,2627.115
20170127,ID000P39Y01,15.5
20170127,ID000P3CPP9,0.003
20170127,ID000P3CSB8,0.131
20170127,ID000P3CVX7,0.002
20170127,ID000P3CXN4,0.007
20170127,ID000P3FWB6,0.098
20170127,ID000P3KVK2,113.3
20170127,ID000P3M7B3,50.6
20170127,ID000P3MCK2,57.0
20170127,ID000P3MH12,0.191
20170127,ID000P3MHT2,12.3
20170127,ID000P3MK60,0.001
20170127,ID000P3MMC9,964.076
20170127,ID000P3MMW7,0.005
20170127,ID000P3MPV1,0.003
20170127,ID000P3MSY2,15.5
20170127,ID000P3MT52,0.004
20170127,ID000P3NX43,10.04
20170127,ID000P3NZP5,0.055
20170127,ID000P3P1C2,0.142
20170127,ID000P3P3P4,0.007
20170127,ID000P3P659,0.105
20170127,ID000P3P971,0.067
20170127,ID000P3PDG2,0.02
20170127,ID000P3PGK0,0.002
20170127,ID000P3PGT1,50.6
20170127,ID000P3PKD9,0.003
20170127,ID000P3PLV7,12.3
20170127,ID000P3PMV5,0.042
20170127,ID000P3QR52,57.0
20170127,ID000P3QSP8,33.085
20170127,ID000P3QVC5,10.04
20170127,ID000P3QXN9,0.003
20170127,ID000P3R5F8,84.42
20170127,ID000P3SX20,0.131
20170127,ID000P3SZY0,0.002
20170127,ID000P3T1P4,0.007
20170127,ID000P3T3J7,0.191
20170127,ID000P3T6T9,0.001
20170127,ID000P3TB27,0.142
20170127,ID000P3VH03,0.005
20170127,ID000P3VLB2,0.003
20170127,ID000P3VP69,0.004
20170127,ID000P3VR56,0.055
20170127,ID000P3VT34,0.007
20170127,ID000P3VXH0,0.105
20170127,ID000P3W1X1,0.067
20170127,ID000P3X794,0.02
20170127,ID000P3X9R0,0.002
20170127,ID000P3XCK0,0.003
20170127,ID000P3XFD1,0.042
20170127,ID000P3ZGJ1,0.485
20170127,ID000P46S50,42.814
20170127,ID000P48B82,9.02
20170127,ID000P48N13,58.837
20170127,ID000P4KKL3,12.34
20170127,ID000P4MGB1,35.667
20170127,ID000P4MST6,7.169
20170127,ID000P4SPV3,60.706
20170127,ID000P4T2M3,14.764
20170127,ID000P4T591,80.217
20170127,ID000P53854,27.064
20170127,ID000P555B1,90.141
20170127,ID000P559K3,1.023
20170127,ID000P55GV5,127.466
20170127,ID000P5BV09,0.032
20170127,ID000P5BWM3,7.84
20170127,ID000P5BYY6,0.541
20170127,ID000P5DR42,1227.822
20170127,ID000P5GP16,10.492
20170127,ID000P5JKY8,599.323
20170127,ID000P5LBQ4,110.193
20170127,ID000P5TJP0,0.084
20170127,ID000P5WJC0,116.537
20170127,ID000P5WN68,1171.934
20170127,ID000P5YR21,49.621
20170127,ID000P69JM3,320.638
20170127,ID000P6F2W2,40.022
20170127,ID000P6QYF9,202.653
20170127,ID000P6Z937,443.001
20170127,ID000P71H34,8.187
20170127,ID000P71K64,12.511
20170127,ID000P71PV5,195.128
20170127,ID000P72WS3,19.2
20170127,ID000P73093,46.8
20170127,ID000P78VN4,35.334
20170127,ID000P7C1X4,11.74
20170127,ID000P7J4M3,93.6
20170127,ID000P7KYD5,31.4
20170127,ID000P7L0N7,13.0
20170127,ID000P7L360,13.0
20170127,ID000P7L592,129.2
20170127,ID000P7N420,10.0
20170127,ID000P7PXN1,11.3
20170127,ID000P860X1,134.234
20170127,ID000P89978,5.201
20170127,ID000P8C7D1,13.204
20170127,ID000P8H737,896.512
20170127,ID000P8NYC1,3.52
20170127,ID000P8STV6,7.095
20170127,ID000P8WWS8,184.956
20170127,ID000P92ML8,389.325
20170127,ID000P92TD2,36.472
20170127,ID000P9B4M7,63.214
20170127,ID000P9VS60,217.463
20170127,ID000PBC5W7,0.793
20170127,ID000PBPW81,10.218
20170127,ID000PBYTW1,9.706
20170127,ID000PCCYG0,2.748
20170127,ID000PCFKP7,3.048
20170127,ID000PCFNW3,1.216
20170127,ID000PD1500,1.989
20170127,ID000PD87B7,74.0
20170127,ID000PDCRL7,39.291
20170127,ID000PDQPY2,0.4
20170127,ID000PDXXL1,8367.6
20170127,ID000PFNC79,165.784
20170127,ID000PFYVK0,267.581
20170127,ID000PG0MT6,26.787
20170127,ID000PG2G17,284.352
20170127,ID000PG44W8,81.38
20170127,ID000PGB2C6,16.308
20170127,ID000PGMDC0,0.126
20170127,ID000PGW634,0.496
20170127,ID000PH1798,0.503
20170127,ID000PH1FT8,0.401
20170127,ID000PH5GG6,3.96
20170127,ID000PH6QW5,3.797
20170127,ID000PH7C73,14.778
20170127,ID000PH7GM7,60.045
20170127,ID000PH7K57,1.005
20170127,ID000PH8N78,12.511
20170127,ID000PH90K2,12.511
20170127,ID000PH90M0,4676.902
20170127,ID000PH9898,2660.057
20170127,ID000PH98M3,195.128
20170127,ID000PH9D60,195.128
20170127,ID000PHBH95,19.2
20170127,ID000PHBMP6,46.8
20170127,ID000PHBP51,46.8
20170127,ID000PHC5H1,1.551
20170127,ID000PHDX16,2.81
20170127,ID000PHTV95,131.965
20170127,ID000PJ2604,18.407
20170127,ID000PJ28T9,19.38
20170127,ID000PJ2CD7,100.67
20170127,ID000PJ2D36,19.38
20170127,ID000PJ2JR7,34.292
20170127,ID000PJ2LZ3,34.292
20170127,ID000PJ2M18,3.033
20170127,ID000PJ2SR7,2.723
20170127,ID000PJ3XT3,2.723
20170127,ID000PJ3YP5,0.091
20170127,ID000PJ46R3,20.995
20170127,ID000PJ4HG1,7.214
20170127,ID000PJ4PR1,0.223
20170127,ID000PJ5Z25,21.153
20170127,ID000PJ65L9,0.424
20170127,ID000PJ6DP8,7.9
20170127,ID000PJ7QB3,0.262
20170127,ID000PJ7Z23,1.652
20170127,ID000PJ88V0,2.927
20170127,ID000PJ8DQ5,223.809
20170127,ID000PJ9M20,1.953
20170127,ID000PJ9XV4,0.711
20170127,ID000PJB7R3,0.683
20170127,ID000PJCNV2,0.619
20170127,ID000PJCZ63,1.577
20170127,ID000PJFB36,130.551
20170127,ID000PJFKV5,3.524
20170127,ID000PJFLZ9,19.2
20170127,ID000PJK7R3,3.088
20170127,ID000PJNY46,1.881
20170127,ID000PJQQS4,0.442
20170127,ID000PJSWM5,19.5
20170127,ID000PK2ZM3,101.906
20170127,ID000PK8MG3,63.36
20170127,ID000PKB0C1,411.892
20170127,ID000PKP7T3,74.729
20170127,ID000PKPYJ5,62.293
20170127,ID000PL06Z3,11.67
20170127,ID000PLGW52,1.953
20170127,ID000PLGXT4,9.838
20170127,ID000PLH1T3,0.04
20170127,ID000PLH4Q0,4.671
20170127,ID000PLH5K3,0.093
20170127,ID000PLH6J3,0.436
20170127,ID000PLH7X5,3.084
20170127,ID000PLH8R0,0.34
20170127,ID000PLKNY5,548.447
20170127,ID000PLKQ69,9.662
20170127,ID000PLNMH3,58.765
20170127,ID000PLNW09,216.893
20170127,ID000PLT8C3,7.736
20170127,ID000PLT9Z6,1.652
20170127,ID000PLXZX5,7795.618
20170127,ID000PLZQH1,31.4
20170127,ID000PM1X36,1211.34
20170127,ID000PM21L5,129.0
20170127,ID000PM3Q75,29.593
20170127,ID000PM52K1,4.741
20170127,ID000PM55J6,1.762
20170127,ID000PM57N7,4.727
20170127,ID000PM58N5,850.563
20170127,ID000PM6P01,25.729
20170127,ID000PM6QX3,1.087
20170127,ID000PM8N95,376.666
20170127,ID000PM94Y8,54.294
20170127,ID000PMBP69,120.629
20170127,ID000PMGKH3,10.033
20170127,ID000PMJN48,1.0
20170127,ID000PMLJW3,4.915
20170127,ID000PMQWF8,13.551
20170127,ID000PMSH41,3.698
20170127,ID000PMWL47,4.932
20170127,ID000PMY3P2,1631.35
20170127,ID000PMY8J8,300.219
20170127,ID000PN0W55,1.14
20170127,ID000PN0WF4,109.606
20170127,ID000PN1B23,2.808
20170127,ID000PN3WP0,45.79
20170127,ID000PN3YM9,31.189
20170127,ID000PN4ZS9,23.429
20170127,ID000PN6DL3,8.41
20170127,ID000PN73H9,168.35
20170127,ID000PN77K6,1.78
20170127,ID000PN7977,0.44
20170127,ID000PN8743,208.238
20170127,ID000PNBCZ4,15.5
20170127,ID000PNBK31,50.6
20170127,ID000PNBL02,57.0
20170127,ID000PNBMT9,12.3
20170127,ID000PNBNW3,10.04
20170127,ID000PNDWF0,231.092
20170127,ID000PNFC26,217.463
20170127,ID000PNG7G1,8.194
20170127,ID000PNGD96,1.087
20170127,ID000PNQN66,191.967
20170127,ID000PNRND7,16.589
20170127,ID000PNX406,1703.374
20170127,ID000PNZC88,1.351
20170127,ID000PNZTC6,0.621
20170127,ID000PNZVL1,0.147
20170127,ID000PNZYV4,0.0
20170127,ID000PP0005,0.0
20170127,ID000PP3FW4,52.607
20170127,ID000PP44K1,0.001
20170127,ID000PP47W1,0.0
20170127,ID000PP4C96,0.0
20170127,ID000PP4GS6,0.0
20170127,ID000PP4JG3,0.001
20170127,ID000PP4L50,0.001
20170127,ID000PP4P42,0.0
20170127,ID000PP4PZ8,32.0
20170127,ID000PP4Q77,0.001
20170127,ID000PP4SD6,0.0
20170127,ID000PP4WG4,0.0
20170127,ID000PP4YB5,0.001
20170127,ID000PP5233,0.0
20170127,ID000PP5368,0.0
20170127,ID000PP54M8,487.761
20170127,ID000PP54T1,0.0
20170127,ID000PP58J3,0.001
20170127,ID000PP58Y6,257.438
20170127,ID000PP5BN1,0.0
20170127,ID000PP5D93,0.0
20170127,ID000PP5G41,0.0
20170127,ID000PP5JY2,0.0
20170127,ID000PP5MN7,0.0
20170127,ID000PP5PD1,0.0
20170127,ID000PP5R29,0.001
20170127,ID000PP5T16,0.0
20170127,ID000PP5X62,0.0
20170127,ID000PP5Y51,0.0
20170127,ID000PP62K3,0.0
20170127,ID000PP64G4,0.0
20170127,ID000PP66K4,0.0
20170127,ID000PP6893,0.0
20170127,ID000PP68K0,1556.918
20170127,ID000PP6BD1,0.0
20170127,ID000PP6J44,0.0
20170127,ID000PP6KV1,0.0
20170127,ID000PP6NX3,0.001
20170127,ID000PP6QD8,0.0
20170127,ID000PP6V01,0.0
20170127,ID000PP6W09,0.0
20170127,ID000PP6X70,0.0
20170127,ID000PP70J8,0.0
20170127,ID000PP71R7,0.0
20170127,ID000PP74C7,0.0
20170127,ID000PP76H7,0.0
20170127,ID000PP7918,0.005
20170127,ID000PP7BJ4,0.0
20170127,ID000PP7D46,0.001
20170127,ID000PP7FF9,0.001
20170127,ID000PP7L93,0.0
20170127,ID000PP8W43,0.15
20170127,ID000PP9KR3,37.433
20170127,ID000PPCJ56,10.45
20170127,ID000PPDM12,55.434
20170127,ID000PPDMN8,126.052
20170127,ID000PPDXX3,102.964
20170127,ID000PPDZP7,38.294
20170127,ID000PPG721,14.471
20170127,ID000PPK520,263.679
20170127,ID000PPPG76,4.317
20170127,ID000PPVMB1,3.48
20170127,ID000PPWL31,9.515
20170127,ID000PQ0HD2,50.135
20170127,ID000PQ32H8,1.435
20170127,ID000PQHT57,68.578
20170127,ID000PQKTQ0,367.241
20170127,ID000PQKWN6,46.967
20170127,ID000PQNHQ3,0.289
20170127,ID000PR0N38,44.619
20170127,ID000PR8CT6,4647.272
20170127,ID000PR9QP8,11.014
20170127,ID000PRB7N9,0.823
20170127,ID000PRCV46,121.132
20170127,ID000PRFTN7,108.692
20170127,ID000PRGH16,3.692
20170127,ID000PRGVZ8,872.308
20170127,ID000PRMW98,1.31
20170127,ID000PRWXJ4,677.969
20170127,ID000PRX416,11.3
20170127,ID000PRX7Q2,31.4
20170127,ID000PRXBS1,129.2
20170127,ID000PRXFM8,23.5
20170127,ID000PRXSY7,247.4
20170127,ID000PRZJS2,167.441
20170127,ID000PSL2N7,6.763
20170127,ID000PSQ9W7,1082.141
20170127,ID000PT2XP6,39.423
20170127,ID000PT7GB3,211.968
20170127,ID000PTB6K0,8.3
20170127,ID000PTBF11,0.043
20170127,ID000PTBM16,1.3
20170127,ID000PTCFN6,1.784
20170127,ID000PTFG33,32.0
20170127,ID000PTG8K1,1.34
20170127,ID000PTKXT2,0.416
20170127,ID000PTM548,23.7
20170127,ID000PTTPK9,13.01
20170127,ID000PTXSH2,123.022
20170127,ID000PTYL77,4.0
20170127,ID000PV05B9,1.68
20170127,ID000PV54Y2,54.552
20170127,ID000PV6NV2,12.733
20170127,ID000PV9G35,34.949
20170127,ID000PVLRP3,201.147
20170127,ID000PVTF99,1.155
20170127,ID000PVVFN0,1.359
20170127,ID000PVXT58,0.228
20170127,ID000PW12T4,825.784
20170127,ID000PW6Q25,14.251
20170127,ID000PWFMG9,161.204
20170127,ID000PWFPM5,72.492
20170127,ID000PWM0Z8,29.243
20170127,ID000PWMMT7,54.247
20170127,ID000PWNBG4,63.723
20170127,ID000PWR8N9,2.541
20170127,ID000PWRJW5,79.625
20170127,ID000PWS3K2,223.95
20170127,ID000PWVQC6,49.126
20170127,ID000PX0XW1,4562.683
20170127,ID000PX4TZ3,64.5
20170127,ID000PX7PR7,0.171
20170127,ID000PX7R11,11.271
20170127,ID000PX9FT5,418.882
20170127,ID000PXBZ27,0.071
20170127,ID000PXCBG4,31.929
20170127,ID000PXCHG1,6.4
20170127,ID000PXCL36,6.34
20170127,ID000PXCNS5,1.39
20170127,ID000PXCQK6,3.0
20170127,ID000PXCSP7,0.265
20170127,ID000PXCW87,0.429
20170127,ID000PXCXM9,0.273
20170127,ID000PXCZD4,0.093
20170127,ID000PXD3N3,0.121
20170127,ID000PXD576,0.06
20170127,ID000PXN307,145.21
20170127,ID000PXTNF1,12.872
20170127,ID000PXV246,161.511
20170127,ID000PXV6L8,1.885
20170127,ID000PXV7K7,2.81
20170127,ID000PXW897,3.47
20170127,ID000PY2FW6,0.445
20170127,ID000PYLP80,366.982
20170127,ID000PYMD31,22.38
20170127,ID000PYMMT3,78.403
20170127,ID000PYV0P5,7595.831
20170127,ID000PZC7S5,3745.487
20170127,ID000PZF999,6.3
20170127,ID000PZFJ06,1.225
20170127,ID000PZFNC4,2.332
20170127,ID000PZFTF8,11.924
20170127,ID000PZL7D1,2660.057
20170127,ID000PZL7Y8,4676.902
20170127,ID000PZL8F7,439.2
20170127,ID000PZL910,1100.66
20170127,ID000PZL9D7,3245.049
20170127,ID000PZL9Q3,954.125
20170127,ID000PZLQG6,0.015
20170127,ID000PZM483,28.873
20170127,ID000PZNQG4,412.229
20170127,ID000PZRY00,219.584
20170127,ID000PZTRV9,554.133
20170127,ID000Q02F04,5526.059
20170127,ID000Q0C499,8.15
20170127,ID000Q0C7M7,223.95
20170127,ID000Q0CR07,183.695
20170127,ID000Q0CTX7,83.029
20170127,ID000Q0CWN1,1750.818
20170127,ID000Q0DJK2,3.791
20170127,ID000Q0LYX6,180.104
20170127,ID000Q0QSC7,1.337
20170127,ID000Q0TT23,2.945
20170127,ID000Q0TXW1,0.3
20170127,ID000Q0TZ92,0.12
20170127,ID000Q0V1P6,0.18
20170127,ID000Q0V2S1,0.13
20170127,ID000Q0ZCH7,0.317
20170127,ID000Q1F1K7,33.724
20170127,ID000Q1K648,7.157
20170127,ID000Q1L8L4,88.964
20170127,ID000Q1MXR2,8.69
20170127,ID000Q1PNV6,957.985
20170127,ID000Q1VNC0,1927.001
20170127,ID000Q1W360,43.449
20170127,ID000Q1YQB1,129.226
20170127,ID000Q20078,0.452
20170127,ID000Q205H6,156.072
20170127,ID000Q24YN2,397.27
20170127,ID000Q25DG5,0.295
20170127,ID000Q29VT7,24.734
20170127,ID000Q29Z27,13.585
20170127,ID000Q2KBK7,0.004
20170127,ID000Q2KPV4,428.51
20170127,ID000Q2KXL8,11.8
20170127,ID000Q2LR21,22.6
20170127,ID000Q2LSP4,114.0
20170127,ID000Q2M0N6,7.7
20170127,ID000Q2M2L4,25.88
20170127,ID000Q2NZD9,13.573
20170127,ID000Q2QW43,247.553
20170127,ID000Q2RLD6,0.613
20170127,ID000Q2RS05,0.114
20170127,ID000Q2RWC3,4.556
20170127,ID000Q2RZW4,0.731
20170127,ID000Q2S2D7,0.61
20170127,ID000Q2S3P2,0.04
20170127,ID000Q2S6Z4,4.951
20170127,ID000Q2S942,0.039
20170127,ID000Q2WC04,0.206
20170127,ID000Q2WGB3,0.126
20170127,ID000Q2WK15,0.218
20170127,ID000Q2WLS4,0.006
20170127,ID000Q30BF3,42.186
20170127,ID000Q30T82,0.41
20170127,ID000Q310N7,0.597
20170127,ID000Q313G9,0.234
20170127,ID000Q31583,0.145
20170127,ID000Q31949,0.376
20170127,ID000Q31C51,0.11
20170127,ID000Q31DK2,0.602
20170127,ID000Q31H23,0.09
20170127,ID000Q31L97,0.124
20170127,ID000Q31MS4,0.06
20170127,ID000Q31PY0,0.11
20170127,ID000Q323H7,0.1
20170127,ID000Q32519,0.32
20170127,ID000Q327M2,4.537
20170127,ID000Q32948,2.655
20170127,ID000Q32CG8,0.572
20170127,ID000Q32H59,0.187
20170127,ID000Q32K34,21.275
20170127,ID000Q32P51,0.282
20170127,ID000Q32R20,0.302
20170127,ID000Q32TS8,2.03
20170127,ID000Q32WQ3,2.143
20170127,ID000Q334Z4,0.315
20170127,ID000Q337V1,0.31
20170127,ID000Q33C77,0.222
20170127,ID000Q33GF9,0.116
20170127,ID000Q33P50,0.4
20170127,ID000Q33R65,3.27
20170127,ID000Q33TN2,0.182
20170127,ID000Q33W82,0.212
20170127,ID000Q33YV2,1.995
20170127,ID000Q34214,0.088
20170127,ID000Q344M7,0.194
20170127,ID000Q346S6,1.188
20170127,ID000Q349X4,0.39
20170127,ID000Q34CL0,0.4
20170127,ID000Q34FZ8,0.635
20170127,ID000Q34J35,0.565
20170127,ID000Q34L03,0.577
20170127,ID000Q34N81,7.685
20170127,ID000Q35197,4.869
20170127,ID000Q35ZP4,1.8
20170127,ID000Q362M9,92.299
20170127,ID000Q36454,3.55
20170127,ID000Q365X0,23.325
20170127,ID000Q368S0,1.65
20170127,ID000Q36BQ5,3.75
20170127,ID000Q36ZZ2,259.207
20170127,ID000Q371X8,8.858
20170127,ID000Q38CQ1,147.823
20170127,ID000Q38VZ9,166.563
20170127,ID000Q39282,187.681
20170127,ID000Q39DF0,320.916
20170127,ID000Q3BMX7,1720.627
20170127,ID000Q3GD80,12.463
20170127,ID000Q3KCX9,351.8
20170127,ID000Q3KF53,35.489
20170127,ID000Q3M3K1,0.417
20170127,ID000Q3V483,1.076
20170127,ID000Q3WK86,1.118
20170127,ID000Q3ZFB0,99.451
20170127,ID000Q3ZMK5,7.368
20170127,ID000Q3ZQZ0,0.397
20170127,ID000Q46522,235.089
20170127,ID000Q477J9,42.502
20170127,ID000Q49WZ4,507.232
20170127,ID000Q4DQB8,0.075
20170127,ID000Q4DXY8,34.3
20170127,ID000Q4GPB7,177.487
20170127,ID000Q4H2Y2,0.071
20170127,ID000Q4HSR3,0.01
20170127,ID000Q4HVP8,0.006
20170127,ID000Q4J9R3,1376.41
20170127,ID000Q4MJ79,40.978
20170127,ID000Q4MWV3,3.027
20170127,ID000Q4S289,1551.594
20170127,ID000Q4XHZ0,187.958
20170127,ID000Q51J15,0.031
20170127,ID000Q51MJ9,0.014
20170127,ID000Q51Q28,0.002
20170127,ID000Q51QS0,0.048
20170127,ID000Q51VH1,0.016
20170127,ID000Q51XQ7,0.001
20170127,ID000Q51Z91,0.035
20170127,ID000Q521J4,6.385
20170127,ID000Q522Z4,2.479
20170127,ID000Q524K6,0.493
20170127,ID000Q52630,4.875
20170127,ID000Q528K7,0.004
20170127,ID000Q52BJ2,0.001
20170127,ID000Q52DH0,0.002
20170127,ID000Q52G56,0.016
20170127,ID000Q52HX3,0.004
20170127,ID000Q52LZ2,0.006
20170127,ID000Q52NF0,0.0
20170127,ID000Q52SH7,0.004
20170127,ID000Q52VF2,0.462
20170127,ID000Q52X40,0.155
20170127,ID000Q52YP5,0.065
20170127,ID000Q53041,0.986
20170127,ID000Q55X65,0.012
20170127,ID000Q55YH1,2.561
20170127,ID000Q56020,0.291
20170127,ID000Q561Q2,0.011
20170127,ID000Q56RK1,0.417
20170127,ID000Q5B300,0.435
20170127,ID000Q5B809,3.376
20170127,ID000Q5K4G1,14.47
20170127,ID000Q5KDR9,1.058
20170127,ID000Q5KJZ7,1.357
20170127,ID000Q5KZ09,2.372
20170127,ID000Q5LWL2,20.524
20170127,ID000Q5M7S9,31.167
20170127,ID000Q5RFQ8,2.464
20170127,ID000Q5V8Q9,7.759
20170127,ID000Q5WN85,2.5
20170127,ID000Q5XRX7,1.533
20170127,ID000Q5Z331,4.865
20170127,ID000Q5Z493,81.695
20170127,ID000Q60952,76.991
20170127,ID000Q61MD3,10598.18
20170127,ID000Q63F46,1.177
20170127,ID000Q63G26,0.123
20170127,ID000Q63HC3,0.412
20170127,ID000Q63JW7,1.558
20170127,ID000Q63ZW1,183.109
20170127,ID000Q64F54,80.178
20170127,ID000Q65SS0,3.791
20170127,ID000Q669H3,12.511
20170127,ID000Q66CY7,195.128
20170127,ID000Q66FV3,19.2
20170127,ID000Q66H30,46.8
20170127,ID000Q66P50,1.78
20170127,ID000Q66S63,8.027
20170127,ID000Q66VM8,0.44
20170127,ID000Q66YX0,34.292
20170127,ID000Q67R91,0.334
20170127,ID000Q681W1,1.491
20170127,ID000Q682D0,0.424
20170127,ID000Q69KD9,1.2
20170127,ID000Q6P3L0,28.669
20170127,ID000Q6SSM1,0.346
20170127,ID000Q6V3X0,102.748
20170127,ID000Q6V921,746.683
20170127,ID000Q6WDW8,1.599
20170127,ID000Q705N8,25.88
20170127,ID000Q70G90,11.8
20170127,ID000Q70H25,114.0
20170127,ID000Q7BSQ3,406.7
20170127,ID000Q7GD09,53.96
20170127,ID000Q7LKP0,12.34
20170127,ID000Q7LN83,9.032
20170127,ID000Q7QND2,11.8
20170127,ID000Q7RYK9,1.73
20170127,ID000Q7S0N9,1.73
20170127,ID000Q7S317,34.949
20170127,ID000Q83624,2.064
20170127,ID000Q85GM8,354.329
20170127,ID000Q8CMM7,6.545
20170127,ID000Q8DM46,1.8
20170127,ID000Q8DPG6,10.06
20170127,ID000Q8DQV7,2.36
20170127,ID000Q8F907,42.204
20170127,ID000Q8TN74,30.032
20170127,ID000Q8TRT1,7.126
20170127,ID000Q8Y1Z5,56.204
20170127,ID000Q8ZWB2,2645.224
20170127,ID000Q908X7,1.5
20170127,ID000Q92PV9,1.155
20170127,ID000Q92S43,1.359
20170127,ID000Q947L8,160.8
20170127,ID000Q94ZV5,1152.399
20170127,ID000Q98WQ4,0.15
20170127,ID000Q98ZT4,0.111
20170127,ID000Q99813,0.284
20170127,ID000Q9JY88,175.309
20170127,ID000Q9KXR7,61.842
20170127,ID000Q9TVP4,91.523
20170127,ID000Q9ZVY7,11.715
20170127,ID000QB04X1,120.0
20170127,ID000QB2RD0,27.461
20170127,ID000QB3226,332.212
20170127,ID000QB36V5,65.364
20170127,ID000QB3F63,10.702
20170127,ID000QB4R66,5.981
20170127,ID000QB7Q38,31.368
20170127,ID000QB88T9,0.031
20170127,ID000QB9DK6,0.151
20170127,ID000QB9MY1,0.017
20170127,ID000QBBQF0,0.137
20170127,ID000QBCD95,0.107
20170127,ID000QBCWS2,34.55
20170127,ID000QBD216,6.3
20170127,ID000QBD6W3,29.6
20170127,ID000QBD8M0,37.898
20170127,ID000QBFM38,0.093
20170127,ID000QBMZ40,25.834
20170127,ID000QBWB79,1231.367
20170127,ID000QBWDQ4,91.363
20170127,ID000QC0N21,63.311
20170127,ID000QC0PX2,27.248
20170127,ID000QC0RZ6,4.287
20170127,ID000QC1CK4,10.0
20170127,ID000QC7FM9,410.086
20170127,ID000QCBJ82,3.738
20170127,ID000QCF374,3.465
20170127,ID000QCKCL2,275.339
20170127,ID000QCKDD9,776.278
20170127,ID000QCLPM1,40.144
20170127,ID000QCNDF4,137.389
20170127,ID000QCP8K7,306.524
20170127,ID000QCPT58,2071.335
20170127,ID000QCPV62,23.325
20170127,ID000QCQ3B7,1.65
20170127,ID000QCQ9T5,3.75
20170127,ID000QCQJM0,3.55
20170127,ID000QCQSV0,1.8
20170127,ID000QCR1G5,1.724
20170127,ID000QCRH52,21.789
20170127,ID000QCRK82,0.088
20170127,ID000QCRRC2,0.058
20170127,ID000QCRS67,0.3
20170127,ID000QCRVV2,0.06
20170127,ID000QCRWY7,4.787
20170127,ID000QCRYV6,3.282
20170127,ID000QCS021,0.4
20170127,ID000QCS209,0.332
20170127,ID000QCS4T4,2.213
20170127,ID000QCS5X6,0.377
20170127,ID000QCS8K4,102.451
20170127,ID000QCSZR7,1375.0
20170127,ID000QCYGQ3,35.055
20170127,ID000QCYK93,87.663
20170127,ID000QCYXV0,5.3
20170127,ID000QD0Y98,165.13
20170127,ID000QD10G3,100.173
20170127,ID000QD2WG2,631.13
20170127,ID000QD86H2,9.142
20170127,ID000QD8897,8.734
20170127,ID000QD8QV2,4.764
20170127,ID000QD92W3,87.143
20170127,ID000QDB5J8,159.209
20170127,ID000QDC320,81.341
20170127,ID000QDCWV4,4428.904
20170127,ID000QDDB49,76.82
20170127,ID000QDDCR2,6.606
20170127,ID000QDF9S6,2.733
20170127,ID000QDG246,14.55
20170127,ID000QDMW25,13.0
20170127,ID000QDQ6Q2,0.435
20170127,ID000QDQ8Z8,0.006
20170127,ID000QDW7J1,1.13
20170127,ID000QDWVF2,15.0
20170127,ID000QDXX76,112.128
20170127,ID000QDYZT6,9.838
20170127,ID000QDZ343,45.355
20170127,ID000QDZ5F6,4.56
20170127,ID000QDZ6Y3,3.909
20170127,ID000QF2B46,5.3
20170127,ID000QF2DC3,351.8
20170127,ID000QF34Q7,798.745
20170127,ID000QF5KY0,0.094
20170127,ID000QF5QN9,0.23
20170127,ID000QF5S64,0.334
20170127,ID000QF5V12,0.023
20170127,ID000QF5YT6,0.424
20170127,ID000QF6064,1.491
20170127,ID000QF79N5,17.872
20170127,ID000QF8RS9,48.858
20170127,ID000QF8XR7,1159.399
20170127,ID000QFFSG2,0.124
20170127,ID000QFNT53,18.263
20170127,ID000QFQDG3,565.723
20170127,ID000QFV949,859.564
20170127,ID000QFWG15,2.579
20170127,ID000QG3PT5,0.0
20170127,ID000QG3RJ2,0.0
20170127,ID000QG3V85,0.0
20170127,ID000QG4J81,705.261
20170127,ID000QG7CF5,0.025
20170127,ID000QG7FD0,0.018
20170127,ID000QG8D99,0.0
20170127,ID000QG8GL8,0.0
20170127,ID000QG8J32,0.0
20170127,ID000QGFZL8,60.922
20170127,ID000QGTY45,4.803
20170127,ID000QGZPH3,846.122
20170127,ID000QH0DW9,72.313
20170127,ID000QH2MN7,31.166
20170127,ID000QH6PT0,2.0
20170127,ID000QH6W60,9.448
20170127,ID000QHGNX9,291.33
20170127,ID000QHK545,2001.0
20170127,ID000QHMT14,306.045
20170127,ID000QHN2C0,36.692
20170127,ID000QHQBL7,220.0
20170127,ID000QHQPZ1,30.491
20170127,ID000QHQRY8,24.303
20170127,ID000QHT3W0,37.433
20170127,ID000QHX391,5.925
20170127,ID000QJ50P6,3.639
20170127,ID000QJ5245,1.881
20170127,ID000QJ5PT7,337.737
20170127,ID000QJ67T6,151.829
20170127,ID000QJ6NG5,9.142
20170127,ID000QJCJJ4,1437.2
20170127,ID000QJCWV1,33.428
20170127,ID000QJDTS1,6.86
20170127,ID000QJKZW4,20.724
20170127,ID000QJQXY1,2417.537
20170127,ID000QJSGW8,68.834
20170127,ID000QJTCX5,62.755
20170127,ID000QJW281,8.151
20170127,ID000QJYGK4,25.612
20170127,ID000QK0924,0.509
20170127,ID000QK0FB0,320.44
20170127,ID000QK15P6,475.207
20170127,ID000QK2R13,0.598
20170127,ID000QK2SL9,0.155
20170127,ID000QK2V96,0.105
20170127,ID000QK2WP6,0.16
20170127,ID000QK2XS1,0.113
20170127,ID000QK30B0,0.198
20170127,ID000QK3299,1.74
20170127,ID000QK33M2,0.093
20170127,ID000QK3510,0.393
20170127,ID000QK39Q5,0.17
20170127,ID000QK3CQ8,0.436
20170127,ID000QK3FY2,3.084
20170127,ID000QK3HG8,0.34
20170127,ID000QK7RJ9,837.719
20170127,ID000QK8R71,2367.351
20170127,ID000QK8RP1,181.857
20170127,ID000QK8RW3,125.349
20170127,ID000QK8W89,34.0
20170127,ID000QKB2P2,616.147
20170127,ID000QKB5D8,4347.051
20170127,ID000QKB5Q4,4499.97
20170127,ID000QKB6G3,571.569
20170127,ID000QKB7G1,624.063
20170127,ID000QKC8P8,17.67
20170127,ID000QKH2R4,9.975
20170127,ID000QLFYM9,760.124
20170127,ID000QLH229,1230.479
20170127,ID000QLH700,13.338
20170127,ID000QLHQY1,1084.074
20170127,ID000QLK573,320.44
20170127,ID000QLKZD0,157.728
20170127,ID000QLL2C3,244.888
20170127,ID000QLLD20,1796.619
20170127,ID000QLQ9K4,163.404
20170127,ID000QLQPX4,100.0
20170127,ID000QLTYJ8,413.246
20170127,ID000QLVP77,9.509
20170127,ID000QM4TC1,27.749
20170127,ID000QM4YF7,1159.399
20170127,ID000QM6DD3,377.786
20170127,ID000QMBWG2,114.311
20170127,ID000QMD0S7,26.393
20170127,ID000QMG317,1.04
20170127,ID000QMH3X1,95.542
20170127,ID000QMPFL8,282.541
20170127,ID000QMV4C6,75.215
20170127,ID000QMV819,1.725
20170127,ID000QMVYG6,2435.285
20170127,ID000QN53J8,9.021
20170127,ID000QN6M87,176.929
20170127,ID000QNK070,32.889
20170127,ID000QNKV09,879.095
20170127,ID000QNRZ76,5.981
20170127,ID000QNSBV1,0.043
20170127,ID000QNXKD5,4.825
20170127,ID000QNYBH0,24.035
20170127,ID000QNZ7B4,25.148
20170127,ID000QP0656,50.0
20170127,ID000QP1XZ3,39.093
20170127,ID000QP5FT5,3.507
20170127,ID000QP9QM4,693.737
20170127,ID000QPCHP7,6.28
20170127,ID000QPHXZ6,14.197
20170127,ID000QPJM79,23.621
20170127,ID000QPN8T1,21.789
20170127,ID000QPNCX7,4.671
20170127,ID000QPNHN7,1.301
20170127,ID000QPNQR3,3.282
20170127,ID000QPNST7,0.123
20170127,ID000QPNZ11,1.177
20170127,ID000QPRF75,2.69
20170127,ID000QPTT28,10.981
20170127,ID000QPV7C2,91.413
20170127,ID000QPYLM7,1.009
20170127,ID000QPYN34,7.519
20170127,ID000QPYPR3,1.399
20170127,ID000QPYR26,1.046
20170127,ID000QQ0TV5,51.274
20170127,ID000QQ6S78,22.451
20170127,ID000QQCVC8,232.887
20170127,ID000QQF0Q8,126.802
20170127,ID000QQF211,19.52
20170127,ID000QQF9M3,0.04
20170127,ID000QQTZ40,7.018
20170127,ID000QR2CQ4,104.129
20170127,ID000QR9HL1,5.095
20170127,ID000QRCSC3,3.603
20170127,ID000QRKWN3,0.315
20170127,ID000QRKZQ3,1.72
20170127,ID000QRL1Y8,0.423
20170127,ID000QRL3S1,1.177
20170127,ID000QRL6H6,1.533
20170127,ID000QRMGR2,1.558
20170127,ID000QRNGT9,55.757
20170127,ID000QRPC52,10.312
20170127,ID000QRPD96,25.126
20170127,ID000QRS5K7,13.401
20170127,ID000QRSF89,1.18
20170127,ID000QRSLT3,54.0
20170127,ID000QRVRB5,12.662
20170127,ID000QRXP81,149.27
20170127,ID000QRZ8V1,16.248
20170127,ID000QS4S49,217.463
20170127,ID000QS9JB6,3.54
20170127,ID000QSDP63,0.773
20170127,ID000QSDXN7,438.822
20170127,ID000QSJTG8,6.086
20170127,ID000QSJW35,0.016
20170127,ID000QSJYV0,0.0
20170127,ID000QSK1B2,0.003
20170127,ID000QSK4N3,0.001
20170127,ID000QSK6D9,0.0
20170127,ID000QSK9P0,0.0
20170127,ID000QSKBQ4,0.001
20170127,ID000QSKDZ0,0.001
20170127,ID000QSKGQ3,0.0
20170127,ID000QSKJW0,0.001
20170127,ID000QSPGV2,5.303
20170127,ID000QSZCZ6,363.977
20170127,ID000QSZKH8,1.19
20170127,ID000QSZN73,27.367
20170127,ID000QT0T12,17.276
20170127,ID000QTGPZ6,1216.818
20170127,ID000QTMWT1,25.651
20170127,ID000QTWZ31,131.852
20170127,ID000QTZ712,39.673
20170127,ID000QTZ9Z1,14.55
20170127,ID000QTZDR1,5.3
20170127,ID000QTZFV1,7.3
20170127,ID000QV2278,8.0
20170127,ID000QV25R9,14.55
20170127,ID000QV27P7,7.3
20170127,ID000QV29Q2,160.8
20170127,ID000QV2CS3,5.3
20170127,ID000QV2DP4,1.2
20170127,ID000QV3SQ9,18.612
20170127,ID000QVKPT3,101.906
20170127,ID000QVNG01,46.967
20170127,ID000QVQSH4,289.876
20170127,ID000QVR7M3,4.539
20170127,ID000QVS3Y8,3.268
20170127,ID000QVS5P3,1.348
20170127,ID000QVT5P2,286.733
20170127,ID000QVWR34,502.63
20170127,ID000QW0DG4,15.674
20170127,ID000QW0G77,11.043
20170127,ID000QW3970,13.612
20170127,ID000QW3NQ8,8.52
20170127,ID000QW6Q42,0.773
20170127,ID000QW6SG5,17.276
20170127,ID000QW7M40,14.096
20170127,ID000QW7NM8,27.367
20170127,ID000QW7QG8,1.19
20170127,ID000QW7RC0,3.297
20170127,ID000QW89K0,0.334
20170127,ID000QW8CC2,1.155
20170127,ID000QW8DC0,1.359
20170127,ID000QW9Y88,91.108
20170127,ID000QWJP13,0.542
20170127,ID000QWJQ84,1.868
20170127,ID000QWK3M7,4.863
20170127,ID000QWK784,138.361
20170127,ID000QWP896,119.039
20170127,ID000QWQ5M6,310.264
20170127,ID000QWQ9P5,4.207
20170127,ID000QX18B7,3745.487
20170127,ID000QX19J7,3745.487
20170127,ID000QX1ZQ1,49.997
20170127,ID000QX79N6,16.475
20170127,ID000QX7DY5,16.475
20170127,ID000QX7FZ9,52.951
20170127,ID000QX7HG6,52.951
20170127,ID000QX7NK8,4428.904
20170127,ID000QX8C12,102.35
20170127,ID000QX8J26,14.677
20170127,ID000QXC9D1,18.763
20170127,ID000QXCCF2,18.763
20170127,ID000QXCG81,0.509
20170127,ID000QXCJK1,0.959
20170127,ID000QXCLP1,0.959
20170127,ID000QXM5Q4,92.299
20170127,ID000QXQZ84,6.41
20170127,ID000QXSFB2,507.298
20170127,ID000QXW761,134.0
20170127,ID000QXWCZ8,250.3
20170127,ID000QXX403,15.773
20170127,ID000QXZ2D1,4428.904
20170127,ID000QY2ZB4,38.354
20170127,ID000QY89V4,4.741
20170127,ID000QYCVW9,1.762
20170127,ID000QYDCX9,78.514
20170127,ID000QYDDZ5,1.059
20170127,ID000QYDGH8,1.784
20170127,ID000QYQVK7,10.45
20170127,ID000QYW5Y2,37.239
20170127,ID000QYZBH5,100.0
20170127,ID000QZ4570,78.514
20170127,ID000QZ7N23,3.992
20170127,ID000QZ8HH9,7.551
20170127,ID000QZ8KN5,3.06
20170127,ID000QZG8R9,6.4
20170127,ID000QZGBX5,4.727
20170127,ID000QZGDV3,16.707
20170127,ID000QZGNG8,8.41
20170127,ID000QZGZR9,6.34
20170127,ID000QZH175,1.39
20170127,ID000QZH4N1,0.265
20170127,ID000QZH6L8,3.0
20170127,ID000QZH7J9,0.273
20170127,ID000QZH8Z9,0.429
20170127,ID000QZHBL7,0.121
20170127,ID000QZHDL3,0.093
20170127,ID000QZHG81,0.06
20170127,ID000QZHLP1,0.597
20170127,ID000QZHNM0,0.41
20170127,ID000QZHQB5,0.234
20170127,ID000QZHR23,0.071
20170127,ID000QZHS30,0.145
20170127,ID000QZHVZ8,0.376
20170127,ID000QZHY46,0.11
20170127,ID000QZJ1H2,0.602
20170127,ID000QZJ2G1,0.09
20170127,ID000QZJ5P4,0.124
20170127,ID000QZJ6W4,0.06
20170127,ID000QZJ8C2,0.11
20170127,ID000QZJC24,0.1
20170127,ID000QZJFH1,0.32
20170127,ID000QZJHR6,4.537
20170127,ID000QZJNF6,0.572
20170127,ID000QZJPP0,0.187
20170127,ID000QZJR85,7.685
20170127,ID000QZJW20,21.275
20170127,ID000QZJYZ0,0.282
20170127,ID000QZK0F4,0.302
20170127,ID000QZK3D0,2.03
20170127,ID000QZK661,2.143
20170127,ID000QZK8B1,0.315
20170127,ID000QZKCV0,0.31
20170127,ID000QZKG96,0.222
20170127,ID000QZKJR0,0.116
20170127,ID000QZKM57,0.4
20170127,ID000QZKP32,3.27
20170127,ID000QZKQF7,0.182
20170127,ID000QZKRF5,0.212
20170127,ID000QZKTY0,1.995
20170127,ID000QZKX26,0.088
20170127,ID000QZKYT5,0.194
20170127,ID000QZL1C4,1.188
20170127,ID000QZL456,0.565
20170127,ID000QZL5C5,0.577
20170127,ID000QZL7Q6,0.4
20170127,ID000QZQDL3,1.535
20170127,ID000QZQN13,4428.904
20170127,ID000QZRX01,10.9
20170127,ID000QZS976,16.0
20170127,ID000QZYG19,1.309
20170127,ID000R0CC90,34.54
20170127,ID000R0CRZ8,134.903
20170127,ID000R0F0X6,183.122
20170127,ID000R0GC05,35.157
20170127,ID000R0JD46,72.313
20170127,ID000R0RW18,25.501
20170127,ID000R0S0D4,32.197
20170127,ID000R10H81,217.463
20170127,ID000R10HP2,42.617
20170127,ID000R10HT8,1.087
20170127,ID000R10J69,43.617
20170127,ID000R11TH4,7.84
20170127,ID000R11XG6,100.67
20170127,ID000R121N7,7.214
20170127,ID000R12BQ2,1169.865
20170127,ID000R12GX3,2.927
20170127,ID000R12HG0,1.953
20170127,ID000R12RK3,130.551
20170127,ID000R12SX7,15.261
20170127,ID000R12V42,2.131
20170127,ID000R14LB4,60.11
20170127,ID000R1BL99,1.476
20170127,ID000R1BW59,52.951
20170127,ID000R1CB72,3.924
20170127,ID000R1CRY7,0.365
20170127,ID000R1D8W0,691.429
20170127,ID000R1KXB0,8.151
20170127,ID000R1KZJ7,34.0
20170127,ID000R1MC79,25.298
20170127,ID000R1RLS1,5.942
20170127,ID000R1SSS5,107.084
20170127,ID000R1TT93,0.005
20170127,ID000R1V510,18.583
20170127,ID000R1VD77,0.002
20170127,ID000R1VFN4,0.009
20170127,ID000R1VJ01,0.005
20170127,ID000R1VM13,0.021
20170127,ID000R1XRQ3,147.396
20170127,ID000R1Z428,0.046
20170127,ID000R1Z5X1,0.024
20170127,ID000R1Z874,80.34
20170127,ID000R1Z8H3,0.011
20170127,ID000R1ZB31,0.013
20170127,ID000R1ZC75,0.001
20170127,ID000R1ZDZ2,0.001
20170127,ID000R1ZH47,0.003
20170127,ID000R1ZWH0,94.463
20170127,ID000R204P9,0.008
20170127,ID000R20CJ8,0.0
20170127,ID000R20GN4,0.044
20170127,ID000R20J49,0.041
20170127,ID000R20LN3,0.023
20170127,ID000R20ND0,0.062
20170127,ID000R20QS7,0.006
20170127,ID000R20SR4,0.015
20170127,ID000R20W04,0.023
20170127,ID000R20XH4,0.062
20170127,ID000R20Z43,0.006
20170127,ID000R211F5,0.015
20170127,ID000R23KG0,31.809
20170127,ID000R29G64,1193.414
20170127,ID000R2C9G5,6.195
20170127,ID000R2F428,429.522
20170127,ID000R2PQD6,206.471
20170127,ID000R2T174,18.346
20170127,ID000R2W2J5,46.967
20170127,ID000R2WML8,4.6
20170127,ID000R2WPD0,0.245
20170127,ID000R2WS44,9.215
20170127,ID000R2WZ84,0.62
20170127,ID000R2XHR2,0.069
20170127,ID000R2XL57,0.097
20170127,ID000R2XMW5,0.27
20170127,ID000R2XQG4,1.279
20170127,ID000R2XRD5,3.897
20170127,ID000R2YLZ3,5.115
20170127,ID000R2ZSF9,1854.961
20170127,ID000R30QS5,1.659
20170127,ID000R30S01,46.5
20170127,ID000R30XB8,21.628
20170127,ID000R30ZS5,6.061
20170127,ID000R32787,190.903
20170127,ID000R333K1,70.814
20170127,ID000R33VS1,11.861
20170127,ID000R3J976,12.655
20170127,ID000R3KG05,439.673
20170127,ID000R3KV93,18.689
20170127,ID000R3M473,198.691
20170127,ID000R3S4X8,2.659
20170127,ID000R3YQ26,102.35
20170127,ID000R3Z9V1,0.902
20170127,ID000R44Z09,0.15
20170127,ID000R450J5,0.15
20170127,ID000R451J3,0.111
20170127,ID000R452M7,0.111
20170127,ID000R455Q6,0.284
20170127,ID000R457D6,0.284
20170127,ID000R459K4,0.906
20170127,ID000R45D98,0.906
20170127,ID000R45FZ4,12.025
20170127,ID000R45GK8,12.025
20170127,ID000R46B55,237.823
20170127,ID000R4B286,42.617
20170127,ID000R4B4H2,43.617
20170127,ID000R4B794,20.995
20170127,ID000R4BBQ6,9.662
20170127,ID000R4BFB3,21.153
20170127,ID000R4BN53,0.488
20170127,ID000R4BQJ1,1.652
20170127,ID000R4BXG9,2.927
20170127,ID000R4C1T4,0.711
20170127,ID000R4C4F3,35.667
20170127,ID000R4C6Q6,15.261
20170127,ID000R4C926,27.064
20170127,ID000R4CCX5,7.84
20170127,ID000R4CGB0,40.022
20170127,ID000R4CKH5,3.033
20170127,ID000R4CNF1,100.67
20170127,ID000R4CQ37,0.223
20170127,ID000R4CSR7,7.214
20170127,ID000R4CYV9,7.9
20170127,ID000R4DM71,1169.865
20170127,ID000R4DP01,10.833
20170127,ID000R4DSS5,0.683
20170127,ID000R4DVK6,0.619
20170127,ID000R4DXX8,1.577
20170127,ID000R4FRL2,130.551
20170127,ID000R4FTD7,2.131
20170127,ID000R4FXH4,3.524
20170127,ID000R4G3C4,1.953
20170127,ID000R4N7Q2,7.897
20170127,ID000R4R8S4,10.312
20170127,ID000R4RBT6,25.126
20170127,ID000R4RKJ7,127.983
20170127,ID000R4VP01,81.018
20170127,ID000R4W096,60.5
20170127,ID000R4XP81,52.951
20170127,ID000R4XQ70,16.475
20170127,ID000R4XRT4,3.297
20170127,ID000R4XVZ8,14.096
20170127,ID000R503R2,0.014
20170127,ID000R50KJ3,0.022
20170127,ID000R51D35,22.33
20170127,ID000R51H81,0.389
20170127,ID000R51NV2,1.244
20170127,ID000R51V08,0.023
20170127,ID000R521K1,0.062
20170127,ID000R526X6,0.006
20170127,ID000R52DK5,0.015
20170127,ID000R52ZY1,3.316
20170127,ID000R55VV0,0.599
20170127,ID000R56403,78.514
20170127,ID000R58VL8,216.721
20170127,ID000R59CS2,17.402
20170127,ID000R5C2Z2,2.414
20170127,ID000R5C4N1,13.555
20170127,ID000R5D8F0,0.045
20170127,ID000R5D913,0.108
20170127,ID000R5D9M0,0.0
20170127,ID000R5DTB8,11.3
20170127,ID000R5K7L7,0.012
20170127,ID000R5K9K4,0.3
20170127,ID000R5K9V2,13.573
20170127,ID000R5KD70,0.234
20170127,ID000R5KDS7,183.109
20170127,ID000R5RDC7,699.858
20170127,ID000R5VH15,14.47
20170127,ID000R5XZK2,10.06
20170127,ID000R5Y0T9,2.36
20170127,ID000R5Y1R9,1.8
20170127,ID000R66BH7,250.0
20170127,ID000R67H74,851.797
20170127,ID000R69TG6,67.553
20170127,ID000R6FNW4,18.914
20170127,ID000R6HKY6,268.389
20170127,ID000R6L2T7,1.297
20170127,ID000R6L5B9,14.052
20170127,ID000R6L6P2,0.896
20170127,ID000R6L930,0.668
20170127,ID000R6Y2W9,366.582
20170127,ID000R71CK4,6.131
20170127,ID000R890C9,5.983
20170127,ID000R8GQT6,55.767
20170127,ID000R8H4G8,208.34
20170127,ID000R8H735,31.4
20170127,ID000R8H9Y7,9.118
20170127,ID000R8HDM1,8.52
20170127,ID000R8HG44,64.107
20170127,ID000R8HJ39,42.718
20170127,ID000R8HNC0,55.818
20170127,ID000R8HQ97,8213.508
20170127,ID000R8HSC9,35.053
20170127,ID000R8X7F4,494.224
20170127,ID000R95LL5,125.578
20170127,ID000R960Y6,254.49
20170127,ID000RC7Q99,80.844
20170127,ID000RCB108,132.304
20170127,ID000RCH175,2.075
20170127,ID000RCHPD5,4.1
20170127,ID000RCHW59,55.257
20170127,ID000RCJW39,3.268
20170127,ID000RCJWZ4,1.348
20170127,ID000RCKV66,3.96
20170127,ID000RCKZD9,1.68
20170127,ID000RCL1N2,54.552
20170127,ID000RCL4F5,49.126
20170127,ID000RCL660,1.337
20170127,ID000RCLHZ4,3.96
20170127,ID000RCLPJ4,1.68
20170127,ID000RCLW81,54.552
20170127,ID000RCM151,49.126
20170127,ID000RCM605,1.337
20170127,ID000RCRBY2,430.093
20170127,ID000RCRSN7,79.625
20170127,ID000RCRXG4,8.302
20170127,ID000RCT243,5.35
20170127,ID000RCWV18,4.22
20170127,ID000RD7MV1,160.279
20170127,ID000RDDTC0,10.901
20170127,ID000RDZZ78,1.638
20170127,ID000RF05P7,32.197
20170127,ID000RFVYL4,1728.357
20170127,ID000RFWKX0,2435.285
20170127,ID000RFZLF5,109.362
20170127,ID000RG6659,112.5
20170127,ID000RG6D72,222.501
20170127,ID000RG6ZJ0,76.002
20170127,ID000RG9MF0,292.207
20170127,ID000RGBJM6,5.359
20170127,ID000RGBNP4,1.063
20170127,ID000RGBR20,137.544
20170127,ID000RGBRW7,10.452
20170127,ID000RGCZ12,20.905
20170127,ID000RGKR48,22.225
20170127,ID000RGP1N9,2296.142
20170127,ID000RGZHM4,5.752
20170127,ID000RH0CY8,1.811
20170127,ID000RH8NJ3,1.667
20170127,ID000RH9YV4,173.65
20170127,ID000RHBHJ2,10.9
20170127,ID000RHC366,118.163
20170127,ID000RHNLC7,5.128
20170127,ID000RHNQD5,12.37
20170127,ID000RHTR92,100.0
20170127,ID000RHXMB5,53.346
20170127,ID000RHY8M3,11.357
20170127,ID000RJ13V6,1535.851
20170127,ID000RJ1B93,13.0
20170127,ID000RJ1LW5,25.884
20170127,ID000RJ3Z89,2.95
20170127,ID000RJ9473,77.583
20170127,ID000RJ9KM0,3.96
20170127,ID000RJ9MG3,1.68
20170127,ID000RJ9PM9,54.552
20170127,ID000RJ9RG2,49.126
20170127,ID000RJ9TQ7,1.337
20170127,ID000RJBBK9,1535.851
20170127,ID000RJM478,564.401
20170127,ID000RJNLX0,63.442
20170127,ID000RJVGL5,19.951
20170127,ID000RJYT43,0.002
20170127,ID000RJZ2C2,0.003
20170127,ID000RK2N57,247.4
20170127,ID000RK2TL6,44.3
20170127,ID000RK38L1,23.5
20170127,ID000RK4509,5.359
20170127,ID000RK4NX4,45.361
20170127,ID000RK5893,4.785
20170127,ID000RK8SD1,32.197
20170127,ID000RK9GX4,0.006
20170127,ID000RK9P37,0.006
20170127,ID000RK9WN0,0.071
20170127,ID000RKD3N9,0.003
20170127,ID000RKDCB2,23.5
20170127,ID000RKF222,28.756
20170127,ID000RKX6T4,1.058
20170127,ID000RKZ7M7,6.122
20170127,ID000RL0CV2,1.357
20170127,ID000RL0RG6,4.533
20170127,ID000RL7CV5,24.812
20170127,ID000RLBDM8,28.252
20170127,ID000RLC1V3,10.452
20170127,ID000RLC553,5.651
20170127,ID000RLC7R5,5.846
20170127,ID000RLC9F4,154.05
20170127,ID000RLC9P3,11.449
20170127,ID000RLDHK9,108.063
20170127,ID000RLF4B6,55.257
20170127,ID000RLNRG1,4.1
20170127,ID000RLXYC9,4.48
20170127,ID000RM7H15,0.006
20170127,ID000RMD2J2,304.494
20170127,ID000RMG7P1,21.222
20170127,ID000RMMV17,25.729
20170127,ID000RMMW06,1.087
20170127,ID000RMP174,9.86
20170127,ID000RN1N52,95.567
20170127,ID000RN5B18,3.098
20170127,ID000RNJGG6,258.284
20170127,ID000RNRZZ4,2846.105
20170127,ID000RNW968,3.343
20170127,ID000RNWPZ0,0.129
20170127,ID000RNY4F7,2.372
20170127,ID000RNYCC2,0.28
20170127,ID000RNYKN2,0.411
20170127,ID000RNZ135,0.586
20170127,ID000RNZBC3,0.016
20170127,ID000RP0076,1352.163
20170127,ID000RP01M7,1352.163
20170127,ID000RPGKS2,90.453
20170127,ID000RPHC63,0.439
20170127,ID000RPHGF4,40.973
20170127,ID000RPHQQ0,0.282
20170127,ID000RPHSB2,7.519
20170127,ID000RPJMB3,0.291
20170127,ID000RPJPR9,0.025
20170127,ID000RPL7X9,61.26
20170127,ID000RPMNQ1,1.024
20170127,ID000RPNPL0,9.565
20170127,ID000RPPFL0,1.046
20170127,ID000RPQRL3,0.418
20170127,ID000RPQVS7,1.009
20170127,ID000RPTPF1,370.898
20170127,ID000RPVQ84,11.0
20170127,ID000RQW248,14.338
20170127,ID000RQXCB7,41.742
20170127,ID000RQXFF6,12.728
20170127,ID000RQXHP1,3.325
20170127,ID000RQXKN6,3.183
20170127,ID000RQXM70,3.588
20170127,ID000RQXPF4,3.294
20170127,ID000RQXR97,5.264
20170127,ID000RQXT84,9.027
20170127,ID000RQXV25,19.306
20170127,ID000RR7Q41,18.653
20170127,ID000RRFF73,736.183
20170127,ID000RRRLH6,6.823
20170127,ID000RRT8C8,56.125
20170127,ID000RRTCL9,56.125
20170127,ID000RS2GJ0,0.251
20170127,ID000RS2M16,1.399
20170127,ID000RS88Z4,0.064
20170127,ID000RSD888,1.12
20170127,ID000RSFS37,528.539
20170127,ID000RSPBY9,65.423
20170127,ID000RSRR18,1.428
20170127,ID000RSWCT5,4.1
20170127,ID000RT3Y53,4.43
20170127,ID000RTM9J2,9.351
20170127,ID000RV0DS2,41.742
20170127,ID000RV0GG8,1.428
20170127,ID000RV0JR0,12.728
20170127,ID000RV0LB2,3.325
20170127,ID000RV0PD1,3.588
20170127,ID000RV0QN8,3.294
20170127,ID000RV0SD5,2.287
20170127,ID000RV0VG5,5.264
20170127,ID000RV0YH8,9.027
20170127,ID000RV1063,19.306
20170127,ID000RV11Q9,12.37
20170127,ID000RV1401,14.338
20170127,ID000RV8C97,2773.73
20170127,ID000RVST07,0.086
20170127,ID000RVSXB6,0.005
20170127,ID000RVSYP9,0.032
20170127,ID000RVSZH5,0.025
20170127,ID000RVT1R8,0.024
20170127,ID000RVT2S5,0.015
20170127,ID000RVZNM8,14.604
20170127,ID000RWJ5Z9,2.78
20170127,ID000S13538,32.197
20170127,ID000S1MTY1,4.84
20170127,ID000S419Z1,10.45
20170127,ID000S4D4C4,6.043
20170127,ID000S6TRD0,57.681
20170127,ID000S8Q7P0,43.832
20170127,ID000S9NC43,324.789
20170127,ID000SBJ6C7,14.062
20170127,ID000SFJGN4,3.382
20170127,ID000SJQXW1,46.967
20170127,ID000SMC9B5,3.382
20170127,ID000SMCBT1,4.932
20170127,ID000SMCD99,7.368
20170127,ID000SNRLB0,1240.916
20170127,ID000SQ6VQ8,26.962
20170127,ID000SQ9L41,11.3
20170127,ID000SQ9Q68,247.4
20170127,ID000SQCNL4,2.0
20170127,ID000SR4P54,204.212
20170127,ID000SVV292,409.126
20170127,ID000SVX806,23.389
20170127,ID000SXK3M3,376.666
20170127,ID000SY0Q88,236.25
20170127,ID000T0DSH3,1118.005
20170127,ID000T26H90,218.31
20170127,ID000T5RJL2,52.211
20170127,ID000T66KP6,23.997
20170127,ID000T66NQ9,2.979
20170127,ID000T671J4,1.811
20170127,ID000T672P5,14.062
20170127,ID000T6F2M9,233.744
20170127,ID000T71K97,678.479
20170127,ID000T9H5X2,689.275
20170127,ID000TBLRG3,20.679
20170127,ID000TBLS17,3.948
20170127,ID000TBLV29,20.197
20170127,ID000TBLXM3,5.264
20170127,ID000TBLZ75,3.294
20170127,ID000TBM0R9,24.613
20170127,ID000TBM295,2.287
20170127,ID000TBM3Q4,3.588
20170127,ID000TBM5K5,42.718
20170127,ID000TBM6Z7,1.428
20170127,ID000TBM8R2,12.728
20170127,ID000TBMDJ0,3.325
20170127,ID000TBMFX9,41.742
20170127,ID000TBMH83,55.767
20170127,ID000TBMKT3,9.027
20170127,ID000TBMM64,19.306
20170127,ID000TBMN99,5.264
20170127,ID000TBMNY1,3.294
20170127,ID000TBMPM9,24.613
20170127,ID000TBMQG4,2.287
20170127,ID000TBMRS9,3.588
20170127,ID000TBMSN2,42.718
20170127,ID000TBMTV1,55.818
20170127,ID000TBMW62,55.767
20170127,ID000TBMWR9,12.728
20170127,ID000TBMY59,3.325
20170127,ID000TBMZH3,1.428
20170127,ID000TBQ148,311.789
20170127,ID000TBXKQ4,1.621
20170127,ID000TC0H67,41.742
20170127,ID000TC0JN4,3.183
20170127,ID000TC0LZ6,1951.473
20170127,ID000TC3RB6,90.627
20170127,ID000TC5BZ3,131.502
20170127,ID000TCP6K8,3.555
20170127,ID000TD2M44,1.25
20170127,ID000TD3853,13.271
20170127,ID000TD4VQ8,6.49
20170127,ID000TDB8V5,71.844
20170127,ID000TDC620,6.825
20170127,ID000TDCG73,1202.86
20170127,ID000TDFSD7,71.844
20170127,ID000TDJ9P2,6.49
20170127,ID000TDP458,2.287
20170127,ID000TFF1W0,25.623
20170127,ID000TFF7Q4,0.189
20170127,ID000TFFB49,0.154
20170127,ID000TFFD09,0.023
20170127,ID000TFFFP7,0.007
20170127,ID000TFFHQ2,0.152
20170127,ID000TFFKW8,1.205
20170127,ID000TFFMG2,0.043
20170127,ID000TFFNW2,0.003
20170127,ID000TFFR44,0.075
20170127,ID000TFZP37,5981.438
20170127,ID000TG1N00,622.457
20170127,ID000TGFWC2,1.15
20170127,ID000TGG2L7,38.475
20170127,ID000TGGHG0,287.495
20170127,ID000TGKD10,10.452
20170127,ID000TGKFL3,137.544
20170127,ID000TGKGW9,1.063
20170127,ID000TGKJ80,412.229
20170127,ID000TH2GF6,2.463
20170127,ID000TH2J60,3.187
20170127,ID000TH2MF3,0.891
20170127,ID000TH63H9,2.59
20170127,ID000TH74Y7,0.317
20170127,ID000TH7PX1,564.401
20170127,ID000THHYF1,3.9
20170127,ID000THJ2F9,3.9
20170127,ID000THJ9P3,32.0
20170127,ID000THJDZ3,32.0
20170127,ID000THJFV2,1.6
20170127,ID000THJGT3,1.6
20170127,ID000THJH93,4.6
20170127,ID000THJJF2,4.6
20170127,ID000THQ0Y4,63.643
20170127,ID000TJ3538,0.047
20170127,ID000TJ60R0,0.126
20170127,ID000TJ6857,0.218
20170127,ID000TK4ZS1,2.5
20170127,ID000TKCRG3,112.629
20170127,ID000TKG6W7,2.414
20170127,ID000TKGJP7,13.555
20170127,ID000TKLYQ7,1.796
20170127,ID000TKM8R2,50.0
20170127,ID000TKVPJ3,2.761
20170127,ID000TKVSQ9,6.825
20170127,ID000TKVTD1,2.319
20170127,ID000TKVW17,1.427
20170127,ID000TKVX79,0.9
20170127,ID000TKVYM0,0.449
20170127,ID000TKVZF5,0.051
20170127,ID000TKW061,0.123
20170127,ID000TKW347,0.06
20170127,ID000TKW7R3,2.463
20170127,ID000TKW9Q0,1.764
20170127,ID000TKWCN6,3.187
20170127,ID000TKWFK2,0.266
20170127,ID000TKWKH5,0.891
20170127,ID000TL3CK9,0.169
20170127,ID000TL3DH1,0.347
20170127,ID000TL3GF6,0.271
20170127,ID000TNVBV4,20.2
20170127,ID000TPZQX0,44.108
20170127,ID000TQQC41,79.566
20170127,ID000TQVCP2,1.1
20170127,ID000TR07Q4,0.8
20170127,ID000TR0926,0.3
20170127,ID000TR0F31,0.4
20170127,ID000TR0HG3,1.8
20170127,ID000TR0LT0,1.2
20170127,ID000TR0Q64,1.9
20170127,ID000TR0RS8,0.65
20170127,ID000TR0XY8,6.05
20170127,ID000TR2194,0.742
20170127,ID000TR22G4,0.736
20170127,ID000TR24G0,1.448
20170127,ID000TR25Y7,3.862
20170127,ID000TR26T1,0.209
20170127,ID000TR27X4,0.758
20170127,ID000TR29F0,0.316
20170127,ID000TR2CQ1,0.67
20170127,ID000TR2F20,0.515
20170127,ID000TR7TV3,3.075
20170127,ID000TR8BB3,65.364
20170127,ID000TR8H84,137.544
20170127,ID000TRBKY4,105.496
20170127,ID000TRDQX0,42.617
20170127,ID000TRDS93,43.617
20170127,ID000TRDTH2,9.662
20170127,ID000TRDVW0,1169.865
20170127,ID000TRDXS1,7.214
20170127,ID000TRF074,49.126
20170127,ID000TRF136,9.459
20170127,ID000TRF2C4,54.552
20170127,ID000TRF7K4,1.337
20170127,ID000TRF831,15.261
20170127,ID000TRF8S4,2.131
20170127,ID000TS9T58,28.162
20170127,ID000TSFHM8,27.819
20170127,ID000TTMPS4,195.03
20170127,ID000TTN9L6,263.041
20170127,ID000TVDMT5,1.82
20170127,ID000TVW0H5,550.0
20170127,ID000TVWQF0,82.6
20170127,ID000TW13M5,351.776
20170127,ID000TW18K6,3.03
20170127,ID000TW1SG7,431.451
20170127,ID000TWMLS6,129.2
20170127,ID000TWMQ69,13.0
20170127,ID000TWMSV7,11.3
20170127,ID000TWMV95,23.5
20170127,ID000TWMX28,44.3
20170127,ID000TWMY35,247.4
20170127,ID000TX2RQ5,0.02
20170127,ID000TXD475,0.858
20170127,ID000TXV153,58.62
20170127,ID000TXV4F6,207.92
20170127,ID000TXWWC6,35.796
20170127,ID000TY4HZ3,0.005
20170127,ID000TY4PR4,0.0
20170127,ID000TZJTT5,5.445
20170127,ID000V07HJ9,2.458
20170127,ID000V07K93,23.177
20170127,ID000V07M44,41.37
20170127,ID000V0X4Y2,2.064
20170127,ID000V153T9,0.5
20170127,ID000V15QR0,76.464
20170127,ID000V19XT9,1.6
20170127,ID000V1KG86,19.667
20170127,ID000V1KHL9,14.062
20170127,ID000V1KJV4,23.997
20170127,ID000V22RX2,442.49
20170127,ID000V26FN5,2.979
20170127,ID000V2X851,24.9
20170127,ID000V2Z252,6.944
20170127,ID000V35LV2,188.042
20170127,ID000V4WX80,444.942
20170127,ID000V6B0H0,127.569
20170127,ID000V7VMK4,4.707
20170127,ID000V7Z5H1,167.02
20170127,ID000V97SN1,17.57
20170127,ID000V98B84,3.191
20170127,ID000V98CM6,0.255
20170127,ID000VB6CR8,40.748
20170127,ID000VBGP16,64.107
20170127,ID000VBGQJ5,12.37
20170127,ID000VBGR76,14.338
20170127,ID000VBGSH3,16.081
20170127,ID000VBGT81,6.366
20170127,ID000VBGVG7,10.929
20170127,ID000VBGWS2,4.751
20170127,ID000VBGXQ2,5.44
20170127,ID000VBGYK6,3.302
20170127,ID000VBGZS5,6.385
20170127,ID000VBH0N6,16.081
20170127,ID000VBH136,6.366
20170127,ID000VBH2J7,10.929
20170127,ID000VBH3D1,5.44
20170127,ID000VBH4G6,6.385
20170127,ID000VBHMB1,0.368
20170127,ID000VBHMY6,10.346
20170127,ID000VBQ840,0.007
20170127,ID000VBQ8R5,0.015
20170127,ID000VBQ9Q4,0.001
20170127,ID000VBT3R3,0.001
20170127,ID000VBT669,0.001
20170127,ID000VBT801,0.013
20170127,ID000VBV327,0.002
20170127,ID000VBV504,0.003
20170127,ID000VBV764,0.005
20170127,ID000VBV862,0.002
20170127,ID000VBVBF5,0.004
20170127,ID000VBVCW4,0.047
20170127,ID000VBVG46,0.206
20170127,ID000VBVH44,0.012
20170127,ID000VBVJH6,0.042
20170127,ID000VBVK74,0.126
20170127,ID000VBVM07,0.014
20170127,ID000VBVN50,0.218
20170127,ID000VBVQ62,0.011
20170127,ID000VBVSP7,0.002
20170127,ID000VBVVK5,0.003
20170127,ID000VBVWV1,0.006
20170127,ID000VBVZQ0,0.006
20170127,ID000VBYVP7,0.071
20170127,ID000VBYY53,0.003
20170127,ID000VBYZ96,0.025
20170127,ID000VBZ065,0.082
20170127,ID000VBZ2R8,0.006
20170127,ID000VBZ3X9,0.047
20170127,ID000VBZ500,0.018
20170127,ID000VBZ6D4,0.033
20170127,ID000VBZ7F0,0.025
20170127,ID000VC0MG2,0.01
20170127,ID000VCK5B2,6.366
20170127,ID000VCK6J2,10.929
20170127,ID000VCK7V6,4.751
20170127,ID000VCK9M2,5.44
20170127,ID000VCKCH1,10.346
20170127,ID000VCKDD3,3.302
20170127,ID000VCKFH4,6.385
20170127,ID000VCZST7,0.465
20170127,ID000VDHKC0,18.51
20170127,ID000VDKND9,11.57
20170127,ID000VDLXT9,2.761
20170127,ID000VDPVD6,55.257
20170127,ID000VDZPY5,40.41
20170127,ID000VFX7H1,178.741
20170127,ID000VG5058,0.224
20170127,ID000VG8WV6,0.011
20170127,ID000VGFVT3,117.057
20170127,ID000VGNP35,61.654
20170127,ID000VGNTM6,273.261
20170127,ID000VGPRV8,0.05
20170127,ID000VH0T67,736.894
20170127,ID000VH1JV0,106.25
20170127,ID000VH2SN8,3.9
20170127,ID000VH2VH8,32.0
20170127,ID000VH2W68,4.6
20170127,ID000VH2Y46,1.6
20170127,ID000VH2ZS7,1.2
20170127,ID000VH6JY2,3.686
20170127,ID000VHB4X0,2.721
20170127,ID000VHB6P4,1.168
20170127,ID000VHQC39,32.289
20170127,ID000VHQFT4,0.308
20170127,ID000VHQQZ3,61.654
20170127,ID000VHRCF5,17.872
20170127,ID000VJSQJ5,10.569
20170127,ID000VJWP20,0.417
20170127,ID000VJWSD2,0.435
20170127,ID000VJXR34,6.122
20170127,ID000VJXVP1,1.357
20170127,ID000VJXYP5,3.343
20170127,ID000VJY6C9,2.372
20170127,ID000VJY915,0.28
20170127,ID000VJYCY2,1.009
20170127,ID000VJYL54,0.586
20170127,ID000VJYP55,0.016
20170127,ID000VJYSR5,0.439
20170127,ID000VJYWD1,0.282
20170127,ID000VJYZ62,7.519
20170127,ID000VJZ8B5,1.024
20170127,ID000VJZC44,1.046
20170127,ID000VJZNT3,1.399
20170127,ID000VJZW95,1.12
20170127,ID000VK1PR4,0.039
20170127,ID000VK2NZ9,0.742
20170127,ID000VK2QB8,0.736
20170127,ID000VK2RP1,1.448
20170127,ID000VK2SG9,3.862
20170127,ID000VK2TJ4,0.209
20170127,ID000VK2V09,0.758
20170127,ID000VK2VT8,0.316
20170127,ID000VK2XZ7,0.67
20170127,ID000VK2YX7,7.433
20170127,ID000VK6YP2,42.718
20170127,ID000VLVYJ9,1.179
20170127,ID000VMX7R5,0.125
20170127,ID000VMZLD7,28.4
20170127,ID000VNJWV9,6.49
20170127,ID000VNXZN5,123.753
20170127,ID000VQ4S83,9.84
20170127,ID000VQ4T81,16.26
20170127,ID000VQB889,10.929
20170127,ID000VQB914,0.258
20170127,ID000VQBB91,5.44
20170127,ID000VQBFH3,6.385
20170127,ID000VR0442,21.628
20170127,ID000VTCSF0,6.063
20170127,ID000VTCV18,6.419
20170127,ID000VTQRM9,4189.807
20170127,ID000VXRMN9,82.852
20170127,ID000W2H9C8,1.348
20170127,ID000W2HC22,32.289
20170127,ID000W2HD39,2.455
20170127,ID000W2HDZ4,5.981
20170127,ID000W2HFT6,3.049
20170127,ID000W2HHJ3,3.523
20170127,ID000W2K701,10.383
20170127,ID000W352Y0,19.306
20170127,ID000W3MPK5,392.85
20170127,ID000W57G54,53.544
20170127,ID000W5BR82,13.031
20170127,ID000W7FXN4,759.651
20170127,ID000W7FYG0,759.651
20170127,ID000W8G794,1593.041
20170127,ID000W90780,233.688
20170127,ID000W98LK7,28.63
20170127,ID000W9PSG8,56.125
20170127,ID000WB2BF6,55.818
20170127,ID000WB2C73,55.767
20170127,ID000WB2CP3,24.613
20170127,ID000WB2F21,42.718
20170127,ID000WB2FK1,35.053
20170127,ID000WB2HN4,3.862
20170127,ID000WB41T1,90.28
20170127,ID000WBVX39,41.742
20170127,ID000WBW003,3.294
20170127,ID000WBWD96,1.428
20170127,ID000WBWFC7,5.264
20170127,ID000WCK5Q5,1.9
20170127,ID000WD5FW1,60.737
20170127,ID000WGWT81,161.089
20170127,ID000WH2B63,1.944
20170127,ID000WH2CQ9,4.856
20170127,ID000WH2F73,8.163
20170127,ID000WH3LQ8,523.847
20170127,ID000WHFCM9,560.227
20170127,ID0014GJDP1,23.68
20170127,ID0014GR9M4,100.0
20170127,ID0014JJ2F0,346.003
20170127,ID0014N4YY6,3.236
20170127,ID0015BM5H3,1.301
20170127,ID0015BM5S1,0.949
20170127,ID0015BM609,1.306
20170127,ID0015BM672,0.637
20170127,ID0015BM6G2,0.503
20170127,ID0015BM6M5,0.45
20170127,ID0015BM6S9,1.781
20170127,ID0015BM6Z1,0.521
20170127,ID0015BM761,1.787
20170127,ID0015BM7H9,2.352
20170127,ID0015BM7Y0,25.298
20170127,ID0015BM878,3.112
20170127,ID0015BM8P8,1.908
20170127,ID0015BM912,3.897
20170127,ID0015BN2Q9,6.633
20170127,ID0015BN5F4,0.069
20170127,ID0015BN5N5,0.097
20170127,ID0015CC1Z1,0.857
20170127,ID0015CDYG9,0.015
20170127,ID0015CF2H6,0.012
20170127,ID0015CF5N2,0.27
20170127,ID0015CF632,0.027
20170127,ID0015CFLK0,0.3
20170127,ID0015CFV55,0.896
20170127,ID0015CFX79,0.152
20170127,ID0015CFXD2,0.045
20170127,ID0015CFXN1,0.017
20170127,ID0015CRSX8,25.0
20170127,ID0015D2WW5,15.228
20170127,ID0015D5CK9,31.13
20170127,ID0015D8K91,12.477
20170127,ID0015DRNH5,0.108
20170127,ID0015DRP71,10.79
20170127,ID0015GLH96,0.076
20170127,ID0015GM9F6,0.075
20170127,ID0015GNBJ6,0.189
20170127,ID0015GNGX9,0.003
20170127,ID0015HLM75,366.6
20170127,ID0015K8ZL8,1.885
20170127,ID0015K9VM5,2.81
20170127,ID0015KBRN0,8.151
20170127,ID0015KBWV0,102.35
20170127,ID0015KF7M1,10.9
20170127,ID0015KFCY7,16.0
20170127,ID0015LZ355,190.13
20170127,ID0015MC198,0.84
20170127,ID0015QF8P3,30.0
20170127,ID0015QLVM8,1.8
20170127,ID0015QLVX6,1.8
20170127,ID0015QSYF3,55.108
20170127,ID0015QT3F0,0.975
20170127,ID0015QT3P9,0.975
20170127,ID0015QT3X0,11.397
20170127,ID0015QT547,0.25
20170127,ID0015QT5F5,0.25
20170127,ID0015QVRC7,2.305
20170127,ID0015QX5D2,0.651
20170127,ID0015RLZ29,11.397
20170127,ID0015RM0H9,55.108
20170127,ID0015RZ0N8,0.126
20170127,ID0015RZ1P4,0.425
20170127,ID0015RZBM5,1.85
20170127,ID0015RZC34,1.85
20170127,ID0015S18K9,1.784
20170127,ID0015S19R0,1.059
20170127,ID0015S1V19,2.775
20170127,ID0015S1VC7,2.775
20170127,ID0015S1W08,0.68
20170127,ID0015S1WV4,0.68
20170127,ID0015S1X51,5.58
20170127,ID0015S1XF0,5.58
20170127,ID0015S2686,7.238
20170127,ID0015S2D81,1.749
20170127,ID0015S4BY4,4.66
20170127,ID0015S4HR9,0.445
20170127,ID0015TKG55,0.651
20170127,ID0015TLBL7,3.21
20170127,ID0015TLBW5,3.21
20170127,ID0015VQ9N0,1.04
20170127,ID0015VQB00,1.04
20170127,ID0015VQBC7,0.93
20170127,ID0015VQBP3,0.93
20170127,ID0015VQCD4,2.535
20170127,ID0015VQFC8,2.535
20170127,ID0015VQFL8,0.255
20170127,ID0015VQFX5,0.255
20170127,ID0015VQKL7,92.299
20170127,ID0015VQL44,92.299
20170127,ID0015VRX01,23.325
20170127,ID0015VRY18,23.325
20170127,ID0015VRZW1,1.65
20170127,ID0015VS155,1.65
20170127,ID0015VS3D2,3.75
20170127,ID0015VS4C1,3.75
20170127,ID0015VS5F5,3.55
20170127,ID0015VS6C6,1.8
20170127,ID0015VS6V5,1.8
20170127,ID0015WP3X1,1.724
20170127,ID0015WP548,6.3
20170127,ID0015WP7C5,6.3
20170127,ID0015WQC88,6.777
20170127,ID0015XG7Z8,1.225
20170127,ID0015XG859,2.332
20170127,ID0015XG8J4,2.332
20170127,ID0015XG957,9.0
20170127,ID0015XG9B0,9.0
20170127,ID0015XGB70,0.71
20170127,ID0015XGBM3,0.71
20170127,ID0015XGC78,2.482
20170127,ID0015XGCD1,0.05
20170127,ID0015XGCL2,0.05
20170127,ID0015XGDQ5,11.924
20170127,ID0015XGDY6,11.924
20170127,ID0015XGF53,0.4
20170127,ID0015XGFB6,0.4
20170127,ID0015XGG24,0.15
20170127,ID0015XGG97,0.15
20170127,ID0015XHCX8,0.125
20170127,ID0015XJ9R0,0.125
20170127,ID0015XKZ36,0.175
20170127,ID0015XLGH2,0.175
20170127,ID0015XLH44,3.425
20170127,ID0015XLHC5,3.425
20170127,ID0015XLJ31,0.25
20170127,ID0015XLJL1,0.25
20170127,ID0015XLMB5,3.51
20170127,ID0015XLMK5,3.51
20170127,ID0015XMVC3,0.371
20170127,ID0015XMX11,0.371
20170127,ID0015XN496,0.709
20170127,ID0015XN4H7,0.709
20170127,ID0015XNBM5,0.359
20170127,ID0015XNK81,0.359
20170127,ID0015XNZD2,1.704
20170127,ID0015XNZK4,1.704
20170127,ID0015Y8XP9,17.904
20170127,ID0015YLBC6,111.558
20170127,ID001621V15,16.475
20170127,ID001621WG7,3.297
20170127,ID0016220S3,52.951
20170127,ID001623627,0.773
20170127,ID00162LY26,18.763
20170127,ID00162MS91,0.509
20170127,ID00162MXW4,0.959
20170127,ID00162N019,2.72
20170127,ID00162N162,10.312
20170127,ID00162N3M0,10.452
20170127,ID00162S0L2,163.636
20170127,ID00163NSD3,12.549
20170127,ID00164VN34,1.733
20170127,ID00164ZD23,0.512
20170127,ID00164ZHW1,2.34
20170127,ID0016PV8J3,4.643
20170127,ID0016PZVK6,0.171
20170127,ID0016Q0388,1.168
20170127,ID0016Q0G70,0.589
20170127,ID0016Q17M2,0.446
20170127,ID0016Q1LL2,0.243
20170127,ID0016Q1SQ2,0.273
20170127,ID0016Q1W29,0.175
20170127,ID0016Q1XP2,0.991
20170127,ID0016Q2180,0.385
20170127,ID0016Q21Z0,0.252
20170127,ID0016Q23R5,0.256
20170127,ID0016Q26V3,0.176
20170127,ID0016Q2K42,0.129
20170127,ID0016SZFK5,0.049
20170127,ID0016SZGQ7,0.064
20170127,ID0016SZK79,0.192
20170127,ID0016SZMJ2,0.333
20170127,ID0016SZN37,0.055
20170127,ID0016SZP78,0.106
20170127,ID0016SZPX9,0.217
20170127,ID0016SZQD9,0.031
20170127,ID0016SZQT2,0.203
20170127,ID0016SZR74,0.06
20170127,ID0016T08H1,0.049
20170127,ID0016T0DF2,0.064
20170127,ID0016T0J05,0.192
20170127,ID0016T1KH3,0.106
20170127,ID0016T25V9,0.333
20170127,ID0016T29C2,0.055
20170127,ID0016T2CL5,0.217
20170127,ID0016T2G45,0.031
20170127,ID0016T2GL6,0.203
20170127,ID0016T2J49,0.06
20170127,ID0016T2T47,0.016
20170127,ID0016T2V60,0.02
20170127,ID0016T2Y37,0.066
20170127,ID0016T32V5,0.015
20170127,ID0016T33Z9,0.044
20170127,ID0016T3913,0.434
20170127,ID0016T3FQ2,0.035
20170127,ID0016T3FZ2,0.004
20170127,ID0016T3G80,0.114
20170127,ID0016T3GJ8,0.259
20170127,ID0016T3HH8,0.045
20170127,ID0016T3K72,3.376
20170127,ID0016V5QG2,384.018
20170127,ID0016VD2P6,0.93
20170127,ID0016VDCF5,0.93
20170127,ID0016X5NR3,17.076
20170127,ID0016XGC13,456.417
20170127,ID0016XH740,52.4
20170127,ID0016XJ8V6,14.6
20170127,ID0016XJFS4,3.0
20170127,ID0016XJGX6,3.3
20170127,ID0016YWCV0,38.4
20170127,ID00170KQV5,1.1
20170127,ID00171YSH0,0.106
20170127,ID00171Z277,0.445
20170127,ID00172J1K0,58.928
20170127,ID001730MP7,15.771
20170127,ID00173Y4K5,1.936
20170127,ID001777ZR0,1.013
20170127,ID0017935X9,1.193
20170127,ID001793658,1.71
20170127,ID0017936J3,9.784
20170127,ID001793G83,1.193
20170127,ID00179X129,4.66
20170127,ID00179X4T4,0.445
20170127,ID00179X5H4,9.215
20170127,ID00179XD96,0.345
20170127,ID00179XFZ2,0.62
20170127,ID00179XJP5,0.165
20170127,ID00179XW58,8.151
20170127,ID00179XWX7,10.9
20170127,ID00179YL88,2.267
20170127,ID0017BMNC7,4.992
20170127,ID0017BMVT1,52.359
20170127,ID0017CJ6M5,8.432
20170127,ID0017CJ850,8.432
20170127,ID0017CJDR5,0.071
20170127,ID0017DVJR6,1.71
20170127,ID0017DVKD8,9.784
20170127,ID0017DVL46,12.414
20170127,ID0017F7GD9,12.414
20170127,ID0017FSYN6,220.278
20170127,ID0017T8542,334.094
20170127,ID0017V13R4,0.446
20170127,ID0017V1438,0.243
20170127,ID0017V15F2,0.273
20170127,ID0017V16S6,0.175
20170127,ID0017V1973,0.991
20170127,ID0017V19X4,0.385
20170127,ID0017V1B96,0.252
20170127,ID0017V1BP8,0.256
20170127,ID0017V1BV1,0.176
20170127,ID0017V1D29,0.129
20170127,ID0017VQCC3,0.005
20170127,ID0017X5LX9,15.7
20170127,ID00186X810,9.08
20170127,ID00186Y4R0,0.26
20170127,ID001877B92,1.169
20170127,ID00188LH19,3.374
20170127,ID0018BQM34,450.947
20170127,ID0018BSJD8,102.35
20170127,ID0018BTB62,66.86
20170127,ID0018DTCK0,216.657
20170127,ID0018DXB54,55.883
20170127,ID0018DXTG3,197.606
20170127,ID0018DYD95,2.267
20170127,ID0018DZ911,16.0
20170127,ID0018DZFQ0,10.9
20170127,ID0018F0RY8,3.21
20170127,ID0018F1WZ5,36.126
20170127,ID0018F36L5,19.804
20170127,ID0018FFL20,13.712
20170127,ID0018FG230,16.366
20170127,ID0018FPLY4,12.5
20170127,ID0018FQGV7,32.673
20170127,ID0018FQT30,11.149
20170127,ID0018FT851,7.727
20170127,ID0018FTL07,32.151
20170127,ID0018FYWW2,5.6
20170127,ID0018G28R4,18.126
20170127,ID0018G6LS0,80.0
20170127,ID0018G73J9,38.111
20170127,ID0018G7693,160.0
20170127,ID0018G78T7,199.083
20170127,ID0018J9X78,1610.539
20170127,ID0018JR702,0.93
20170127,ID0018L0XY2,29.748
20170127,ID0018N6FK6,3.201
20170127,ID0018NH7Y7,0.008
20170127,ID0018NJM36,0.195
20170127,ID0018NQJ35,0.116
20170127,ID0018NQNK7,0.132
20170127,ID0018NQQ84,0.024
20170127,ID0018NQXN2,0.056
20170127,ID0018NQYW0,0.422
20170127,ID0018NR1C3,0.228
20170127,ID0018NRGD9,0.003
20170127,ID0018NRK22,0.017
20170127,ID0018NS739,0.012
20170127,ID0018NS908,0.03
20170127,ID0018NSBC0,0.01
20170127,ID0018NSC92,0.062
20170127,ID0018NSHT9,0.033
20170127,ID0018NSKT2,0.214
20170127,ID0018PQNX8,1.535
20170127,ID0018PQP27,4.6
20170127,ID0018PQP72,0.245
20170127,ID0018PQPD5,0.295
20170127,ID0018PQPK7,0.115
20170127,ID0018Q53B7,3.632
20170127,ID0018QCZ46,55.257
20170127,ID0018QL4P2,27.67
20170127,ID0018QLC74,26.249
20170127,ID0018QQVF8,5.589
20170127,ID0018QQVQ6,2.542
20170127,ID0018QR3L2,6.979
20170127,ID0018QR4X7,68.0
20170127,ID0018QZN66,101.037
20170127,ID0018R1M81,21.021
20170127,ID0018SKHQ9,208.582
20170127,ID00191NX70,17.412
20170127,ID001939VR4,0.192
20170127,ID001939WH3,0.031
20170127,ID001939X63,0.333
20170127,ID001939XM5,0.106
20170127,ID001939YL4,0.203
20170127,ID001939ZD0,0.049
20170127,ID001944L08,278.777
20170127,ID00194BVG1,26.851
20170127,ID00195ZSV2,0.064
20170127,ID00195ZV45,0.055
20170127,ID00195ZYR4,0.217
20170127,ID0019603L4,0.06
20170127,ID001961Z78,6.395
20170127,ID0019621D5,0.07
20170127,ID0019621Y2,5.374
20170127,ID001962234,0.07
20170127,ID001962831,3.802
20170127,ID001962Q40,0.107
20170127,ID001962S19,0.107
20170127,ID001962SC7,0.019
20170127,ID001962ZN9,0.019
20170127,ID001962ZZ6,11.815
20170127,ID0019630K8,11.815
20170127,ID0019632R7,2.046
20170127,ID001963340,2.046
20170127,ID0019643Q5,0.74
20170127,ID0019647L1,1.155
20170127,ID00196P1S4,1.725
20170127,ID00196P7Q3,2.579
20170127,ID00196RPB7,0.618
20170127,ID00196T0N7,0.01
20170127,ID0019JSSL1,1.345
20170127,ID0019JTRS5,0.57
20170127,ID0019JYSZ9,0.193
20170127,ID0019JZ926,1.085
20170127,ID0019JZZK8,0.025
20170127,ID0019K0D22,0.085
20170127,ID0019P44Q1,0.093
20170127,ID0019P48P3,1.107
20170127,ID0019P4FT3,0.216
20170127,ID0019P4VB7,0.602
20170127,ID0019P4WC4,0.754
20170127,ID0019P4Z00,0.109
20170127,ID0019P5293,0.128
20170127,ID0019PWBG5,0.716
20170127,ID0019PWV62,1.107
20170127,ID0019PX096,0.216
20170127,ID0019PX0X9,0.602
20170127,ID0019PX1H5,0.754
20170127,ID0019PX2P4,0.109
20170127,ID0019PX4N2,0.128
20170127,ID0019R2H71,6.878
20170127,ID0019SJHG1,51.962
20170127,ID0019V99G3,37.501
20170127,ID0019W9X87,343.241
20170127,ID0019WNYK5,10.078
20170127,ID0019WRWD3,3.499
20170127,ID0019WSL28,5.59
20170127,ID0019WTL18,0.888
20170127,ID0019WXH85,37.078
20170127,ID0019Z32V8,373.555
20170127,ID0019Z33B8,0.656
20170127,ID001B1T4X6,7.808
20170127,ID001B1T956,7.808
20170127,ID001B1TJN4,1.9
20170127,ID001B1TL95,1.9
20170127,ID001B56B75,50.0
20170127,ID001B58V88,0.022
20170127,ID001B58V97,7.084
20170127,ID001B58VB4,0.142
20170127,ID001B684C1,27.745
20170127,ID001B6PLX1,50.0
20170127,ID001B7BK48,76.173
20170127,ID001B92QJ5,2147.825
20170127,ID001B9H8R0,5.732
20170127,ID001B9WBY8,0.298
20170127,ID001BBZDR4,43.572
20170127,ID001BC2YG4,20.613
20170127,ID001BD5FF1,29.327
20170127,ID001BD77G6,12.653
20170127,ID001BDFD65,272.0
20170127,ID001BDKL61,4.577
20170127,ID001BDW9R2,2.912
20170127,ID001BHB549,0.026
20170127,ID001BHNXR0,55.108
20170127,ID001BJL4V7,310.543
20170127,ID001BK36N8,67.432
20170127,ID001BKSXR8,13.3
20170127,ID001BQZ142,78.05
20170127,ID001BRV8Y6,80.425
20170127,ID001BS2HL0,262.0
20170127,ID001BSP1X7,4.0
20170127,ID001BTT6T5,7.295
20170127,ID001BTTRG3,10.0
20170127,ID001BTVBH4,102.691
20170127,ID001BVQWR8,7.425
20170127,ID001BW8WN0,3.78
20170127,ID001CBD709,25.546
20170127,ID001CJSVZ5,418.258
20170127,ID001CJYJ21,200.0
20170127,ID001CN1822,50.0
20170127,ID001CN4115,50.0
20170127,ID001CS8RP7,338.411
20170127,ID001D125H8,2.264
20170127,ID001D5DN42,1.107
20170127,ID001D5DPP4,0.216
20170127,ID001D5DQ63,0.602
20170127,ID001D6SX15,52.4
20170127,ID001D6VF65,14.6
20170127,ID001D6WLD3,38.4
20170127,ID001D9N0F1,230.448
20170127,ID001DJR546,1.43
20170127,ID001DL61H9,1.107
20170127,ID001DL62D1,0.216
20170127,ID001DL63V9,0.602
20170127,ID001DL6866,7.551
20170127,ID001DL6MP4,0.21
20170127,ID001DL6SP1,7.498
20170127,ID001DL7JB5,0.171
20170127,ID001DL7LW7,0.169
20170127,ID001DL7P76,2.264
20170127,ID001DL7V73,1.43
20170127,ID001DM5GB1,50.0
20170127,ID001DN57L8,38.952
20170127,ID001DNRH96,1.052
20170127,ID001DNVG84,50.0
20170127,ID001DNWP10,2120.467
20170127,ID001DQBCC3,3.9
20170127,ID001DQBGP0,3.9
20170127,ID001DQJ9Q7,3.314
20170127,ID001F4QH51,78.05
20170127,ID001FBT3F2,25.0
20170127,ID001FBTBL7,25.0
20170127,ID001FDMNV3,30.779
20170127,ID001FDV203,2.264
20170127,ID001FDV9N3,1.43
20170127,ID001HNS0L4,10.0
20170127,ID001HP9Q88,78.05
20170127,ID001HSBMH8,1.094
20170127,ID001HWL2P3,22.604
20170127,ID001HWLV33,6480.271
20170127,ID001HYT805,50.0
20170127,ID001J02RH6,50.0
20170127,ID001J035X5,50.0
20170127,ID001J06R73,50.0
20170127,ID001J19Z89,95.279
20170127,ID001J1BR02,12.09
20170127,ID001J1CT43,15.538
20170127,ID001J25JX9,9.916
20170127,ID001J26M98,15.965
20170127,ID001J2LTP8,21.305
20170127,ID001J2P2C7,5.553
20170127,ID001J2P914,50.0
20170127,ID001J2PBK8,20.126
20170127,ID001J2PQ89,15.57
20170127,ID001J2R6K7,50.0
20170127,ID001J3YCV2,0.075
20170127,ID001J3YHD1,0.075
20170127,ID001J41CM6,22.931
20170127,ID001J54JM5,398.246
20170127,ID001J5KPV3,50.0
20170127,ID001J5NB05,50.0
20170127,ID001J948J5,20.335
20170127,ID001JWY810,14.369
20170127,ID001JZLZ71,4.636
20170127,ID001K1B786,7.622
20170127,ID001K1CWQ0,2.4
20170127,ID001K1FB29,2.4
20170127,ID001K3V3W2,4.1
20170127,ID001K3V4P8,3.2
20170127,ID001K5X1J4,4.1
20170127,ID001K5X2X6,3.2
20170127,ID001KFGZ51,0.4
20170127,ID001KFHRB1,0.4
20170127,ID001KH55J0,80.742
20170127,ID001KJG5Q6,0.184
20170127,ID001KNG7R2,0.3
20170127,ID001KNNS07,0.6
20170127,ID001KNNWM4,0.6
20170127,ID001KQH7L0,0.445
20170127,ID001KQKCQ0,373.555
20170127,ID001KQKDQ8,0.857
20170127,ID001KT6JK1,1.887
20170127,ID001KT6JX7,0.4
20170127,ID001KT6XK0,1.28
20170127,ID001KY1X15,1.43
20170127,ID001KY1X60,2.264
20170127,ID001LGKCD5,0.656
20170127,ID001LJGV33,24.134
20170127,ID001LLKCH0,0.316
20170127,ID001LLKDN1,0.001
20170127,ID001LLKPW4,0.022
20170127,ID001LPVBK7,1.199
20170127,ID001LPVD87,10.79
20170127,ID001LPVJP5,0.152
20170127,ID001LPVVM1,0.896
20170127,ID001LPW2K6,0.026
20170127,ID001LPW3P9,0.027
20170127,ID001LPW477,0.015
20170127,ID001LPWB44,0.012
20170127,ID001LRG541,0.013
20170127,ID001LRGVY1,0.131
20170127,ID001LRGX77,0.233
20170127,ID001LRHZT7,0.131
20170127,ID001LRJ8T5,3.594
20170127,ID001LRJQB4,4.672
20170127,ID001LRK9Z4,0.28
20170127,ID001LRKBR8,0.28
20170127,ID001LRKML0,0.3
20170127,ID001LRKNN6,0.3
20170127,ID001LS60Q7,0.476
20170127,ID001LS87G1,0.005
20170127,ID001LSHYS9,294.914
20170127,ID001LSV338,0.007
20170127,ID001LSY8J7,0.364
20170127,ID001LSY9R6,0.849
20170127,ID001LTQHZ6,0.178
20170127,ID001LTTX97,0.07
20170127,ID001LTVPT9,0.003
20170127,ID001LTWPB7,2.16
20170127,ID001LTYJ56,0.002
20170127,ID001LTZ0X5,0.005
20170127,ID001LTZ5J0,0.21
20170127,ID001LTZBD3,0.005
20170127,ID001LTZGN1,0.009
20170127,ID001LTZMK1,0.242
20170127,ID001LTZYK5,5.556
20170127,ID001LV33G8,12.803
20170127,ID001LWN2S3,0.86
20170127,ID001LYBM17,42.641
20170127,ID001LZ3HN0,50.0
20170127,ID001M0X6P5,52.4
20170127,ID001M0XDP0,14.6
20170127,ID001M0XGT9,38.4
20170127,ID001M0XM61,1.936
20170127,ID001M0XNR6,0.774
20170127,ID001M0XQ26,0.076
20170127,ID001M26XP2,1.193
20170127,ID001M26Y98,1.71
20170127,ID001M2TJ87,1.385
20170127,ID001M4N3X6,181.365
20170127,ID001M6NJ84,0.14
20170127,ID001M6NM05,0.14
20170127,ID001M7WC96,3269.836
20170127,ID001M8D7V1,103.087
20170127,ID001M8F008,2.81
20170127,ID001M8F0D4,16.0
20170127,ID001M8F320,9.24
20170127,ID001M8F357,103.087
20170127,ID001M8F4F4,4.106
20170127,ID001M8F5C4,4.106
20170127,ID001M8FQF5,0.718
20170127,ID001M8FRV5,0.718
20170127,ID001M8FXR7,0.182
20170127,ID001M8FYB2,0.182
20170127,ID001M8GBP6,3.075
20170127,ID001MB7616,269.0
20170127,ID001MC0SG7,230.448
20170127,ID001MC0SY7,0.656
20170127,ID001MG89S9,5324.759
20170127,ID001MKLV06,4.17
20170127,ID001MKLX93,4.3
20170127,ID001MKM030,13.45
20170127,ID001MKM2Y2,10.945
20170127,ID001MM1KT7,14394.74
20170127,ID001MNVTN9,2.267
20170127,ID001MNVVS9,3.21
20170127,ID001MNVWS7,0.93
20170127,ID001ND5X50,911.783
20170127,ID001NFGR01,50.0
20170127,ID001NFGWQ2,50.0
20170127,ID001NKHL84,7.808
20170127,ID001NKHM19,1.9
20170127,ID001NPMWC8,4925.004
20170127,ID001NPTQW2,44.502
20170127,ID001NVL0X3,18.164
20170127,ID001NVL152,0.045
20170127,ID001NVL1D3,0.072
20170127,ID001NY29R6,25.242
20170127,ID001NY2H98,0.914
20170127,ID001NY2R32,14.241
20170127,ID001NY2RV1,1.395
20170127,ID001NY2WK2,0.559
20170127,ID001P1Z4F4,360.073
20170127,ID001P3WPK0,0.716
20170127,ID001P5S418,7.808
20170127,ID001P5S5Y9,1.9
20170127,ID001P6V163,0.896
20170127,ID001P6V760,0.857
20170127,ID001P6VCF9,0.026
20170127,ID001P6VDC0,0.152
20170127,ID001P6VVF7,0.749
20170127,ID001P6W7J5,0.535
20170127,ID001P6WT43,0.186
20170127,ID001P6X072,0.332
20170127,ID001P6X1D3,0.521
20170127,ID001P6X321,0.129
20170127,ID001P6X410,4.787
20170127,ID001P6X4M7,3.282
20170127,ID001P6X6T5,1.199
20170127,ID001P6X7S4,10.79
20170127,ID001PD8609,0.999
20170127,ID001PD8F27,10.348
20170127,ID001PDWWR6,30.997
20170127,ID001PDX2B8,3.58
20170127,ID001PDX4G9,30.997
20170127,ID001PJBHV4,21.04
20170127,ID001PK88P2,444.447
20170127,ID001PKRL18,1.26
20170127,ID001PLPTD8,11.651
20170127,ID001PPGDF2,25.0
20170127,ID001PR4443,3.2
20170127,ID001PR44F1,4.1
20170127,ID001Q6QVJ8,67.789
20170127,ID001Q7GLY2,0.33
20170127,ID001Q9MYD6,3.597
20170127,ID001QB66F8,0.023
20170127,ID001QC9CT5,1218.492
20170127,ID001QCFSZ6,41.571
20170127,ID001QCGDT5,2.758
20170127,ID001QCGFR2,3.569
20170127,ID001QCR6S9,11517.33
20170127,ID001QG0CX0,3.37
20170127,ID001QG3XG0,0.106
20170127,ID001QG3XX1,0.093
20170127,ID001QG40F2,1.74
20170127,ID001QHJ171,0.393
20170127,ID001QHLDF3,0.17
20170127,ID001QHLLD7,0.113
20170127,ID001QHLSN1,0.16
20170127,ID001QHLW16,0.105
20170127,ID001QHLXB3,0.155
20170127,ID001QHLYG6,0.598
20170127,ID001QHYGL5,0.738
20170127,ID001QHYKN4,14.369
20170127,ID001QJLR13,0.075
20170127,ID001QKLGN0,95.746
20170127,ID001QLY4R7,108.135
20170127,ID001QMBRD4,2.4
20170127,ID001QQ1Q48,18.734
20170127,ID001QRHWY3,6.436
20170127,ID001QSLPV4,0.6
20170127,ID001QSN190,36.467
20170127,ID001QSXB51,0.075
20170127,ID001QSXBM2,2.4
20170127,ID001QSXCR5,0.4
20170127,ID001QSXDD8,0.6
20170127,ID001QV8C14,20.002
20170127,ID001QVHGY9,0.27
20170127,ID001QXT246,278.395
20170127,ID001QXTNL1,706.101
20170127,ID001QZ05L6,77.236
20170127,ID001QZ7QF0,1.481
20170127,ID001QZRLH7,300.58
20170127,ID001R18CZ2,421.008
20170127,ID001R1N759,7.365
20170127,ID001R1QC28,23.665
20170127,ID001R1WJD4,4.4
20170127,ID001R1X5K5,4.863
20170127,ID001R34D26,165.141
20170127,ID001R3DY11,18.164
20170127,ID001R3F4G9,0.045
20170127,ID001R3F852,0.072
20170127,ID001R65Y31,43.375
20170127,ID001R6D615,91.761
20170127,ID001R6GKH4,282.4
20170127,ID001R6HBF5,60.712
20170127,ID001RW4QN0,62.045
20170127,ID001RW4QY8,62.045
20170127,ID001RWKH61,15.495
20170127,ID001RWPMH3,3.775
20170127,ID001RWVJH3,14.637
20170127,ID001RWYVG4,63.19
20170127,ID001RY8NL1,5.34
20170127,ID001RY95Y5,16.62
20170127,ID001RYP256,28.5
20170127,ID001RYPGX4,5.2
20170127,ID001RYPR15,5.2
20170127,ID001RYTXT8,14.851
20170127,ID001S05J63,425.293
20170127,ID001S2CKY7,191.057
20170127,ID001S3DCH1,50.0
20170127,ID001S44Z24,89.489
20170127,ID001S4WVS4,5396.737
20170127,ID001S52QK3,50.0
20170127,ID001V6XNV8,1.743
20170127,ID001V77QW7,50.0
20170127,ID001V8WZ11,82.807
20170127,ID001V9MH38,2.686
20170127,ID001VD6524,3.897
20170127,ID001VD67B0,0.445
20170127,ID001VD7426,1.289
20170127,ID001VD7998,0.783
20170127,ID001VD7DC5,0.724
20170127,ID001VD7J69,50.0
20170127,ID001VD7RQ9,50.0
20170127,ID001VG2R32,1.289
20170127,ID001VG2RH7,0.783
20170127,ID001VG2RX9,0.724
20170127,ID001VG2S12,1.546
20170127,ID001VG2Y64,0.783
20170127,ID001VG2YM6,1.289
20170127,ID001VG2Z16,1.546
20170127,ID001VGTG82,50.0
20170127,ID001VH1N67,50.0
20170127,ID001VJ3RN3,55.108
20170127,ID001VJ40Z8,4.1
20170127,ID001VJ42X6,55.257
20170127,ID001VJ45L2,2.2
20170127,ID001VJ46Y6,44.3
20170127,ID001VJ48V5,19.2
20170127,ID001VJ49P0,5.0
20170127,ID001VJ4BX6,14.778
20170127,ID001VJ4QH1,60.045
20170127,ID001VJ4W33,0.44
20170127,ID001VJ5005,1.78
20170127,ID001VJ5586,3.8
20170127,ID001VJ59L3,8.362
20170127,ID001VJ5RW1,9.0
20170127,ID001VJ5YV7,12.511
20170127,ID001VJ61Q4,195.128
20170127,ID001VJ71J1,8.225
20170127,ID001VJ71Z3,8.225
20170127,ID001VKXYP0,50.0
20170127,ID001VKY1B6,50.0
20170127,ID001VL1BB8,50.0
20170127,ID001WFNMS4,0.783
20170127,ID001WFNN75,1.546
20170127,ID001WFNQD1,6.633
20170127,ID001WFNR49,0.738
20170127,ID001WFNVQ6,14.241
20170127,ID001WFNW66,25.242
20170127,ID001WFP4D8,1.289
20170127,ID001WM96C7,388.539
20170127,ID001WNV9K5,9.652
20170127,ID001WNVFW8,0.951
20170127,ID001WSVKP4,34.113
20170127,ID001WT05B4,50.0
20170127,ID001WT34R7,50.0
20170127,ID001WVBRL8,1447.97
20170127,ID001WW6YQ2,0.248
20170127,ID001WWDXH6,0.065
20170127,ID001XGM518,1.26
20170127,ID001XHB9Q3,75.84
20170127,ID001XSB5R6,1.74
20170127,ID001XSB6G6,0.687
20170127,ID001XSB6X7,1.98
20170127,ID001XSB7R2,0.171
20170127,ID001XSBPZ3,1.74
20170127,ID001XSBW06,0.687
20170127,ID001XSBXP7,1.98
20170127,ID001XSCM70,19.758
20170127,ID001XVXHF2,247.256
20170127,ID001XZ8PT8,0.544
20170127,ID001XZ9D96,160.8
20170127,ID001XZV8S1,4.04
20170127,ID001XZWL74,4.04
20170127,ID001XZX104,0.38
20170127,ID001XZXT76,0.38
20170127,ID001XZYZG1,3.7
20170127,ID001XZZPK7,3.7
20170127,ID001Y00473,0.535
20170127,ID001Y01711,0.535
20170127,ID001Y08RG4,5.0
20170127,ID001Y09G40,5.0
20170127,ID001Y0B863,0.3
20170127,ID001Y0CH80,0.3
20170127,ID001Y0CXK1,0.5
20170127,ID001Y0DB28,0.5
20170127,ID001Y0FJP4,0.328
20170127,ID001Y0G145,2.59
20170127,ID001Y0G4G6,24.38
20170127,ID001Y0GCF9,24.38
20170127,ID001Y1Y278,45.251
20170127,ID001Y20NT3,508.136
20170127,ID001Y21584,0.683
20170127,ID001Y30GC4,18.707
20170127,ID001Y3MN99,9.784
20170127,ID001Y3MSZ9,12.414
20170127,ID001Y6RR34,860.859
20170127,ID001Y7FW52,8.074
20170127,ID001Y9Z243,30.601
20170127,ID001YDP3S7,18.77
20170127,ID001YDR172,134.008
20170127,ID001YN1HZ2,1.153
20170127,ID001YN1KR4,1.502
20170127,ID001YN1YC0,444.884
20170127,ID001YN3L81,909.287
20170127,ID001ZQNBT0,63.67
20170127,ID002004KQ7,606.805
20170127,ID00204J283,389.824
20170127,ID002131BF5,0.34
20170127,ID002131D70,10.348
20170127,ID00217M7S8,1197.755
20170127,ID00217M8M2,78.527
20170127,ID0021B0YJ4,23.196
20170127,ID0021DTNH5,0.09
20170127,ID0021DTWV9,2.41
20170127,ID0021DV1L5,0.273
20170127,ID0021DVBV2,0.462
20170127,ID0021F28B8,1.408
20170127,ID0021F38P2,0.185
20170127,ID0021F3D17,0.047
20170127,ID0021F3HJ9,0.087
20170127,ID0021HCWH4,7.551
20170127,ID0021NWMW4,0.999
20170127,ID0021NWP84,1.177
20170127,ID0021NXJ23,230.448
20170127,ID0021NXNN1,0.012
20170127,ID0021NXQL6,0.015
20170127,ID0021NXVY1,0.027
20170127,ID0021VPNB5,29.1
20170127,ID0021VPXX9,29.1
20170127,ID0021W6FD9,1.357
20170127,ID0021W6VC5,0.25
20170127,ID0021XCF13,4.04
20170127,ID0021XLF04,0.38
20170127,ID00225YF82,3.7
20170127,ID00225YKF3,0.535
20170127,ID00225YN67,5.0
20170127,ID00225YQM2,0.3
20170127,ID00225YYX3,0.5
20170127,ID00226MRQ7,0.649
20170127,ID002290G70,1.395
20170127,ID002290GN2,0.559
20170127,ID0022FFLQ8,8.316
20170127,ID0022FFNV8,8.316
20170127,ID0022FR5J8,37.738
20170127,ID0022FR5Y1,37.738
20170127,ID0022MC4V8,0.464
20170127,ID0022MCC68,12.328
20170127,ID0022MCHX7,6.355
20170127,ID0022NZRX8,5396.737
20170127,ID0022QW5V4,42.4
20170127,ID0022QWZJ2,2.0
20170127,ID0022QX3B0,12.1
20170127,ID0022TDT47,2.0
20170127,ID0022TFLF0,12.1
20170127,ID0022TFN93,42.4
20170127,ID002422628,0.0
20170127,ID002422637,0.0
20170127,ID002422646,0.007
20170127,ID002422655,0.011
20170127,ID0024226N5,0.0
20170127,ID0024226P3,0.002
20170127,ID0024226Q2,0.008
20170127,ID0024226S0,0.102
20170127,ID0024226T9,0.0
20170127,ID0024226V6,0.001
20170127,ID0024226W5,0.0
20170127,ID0024226X4,0.0
20170127,ID0024226Y3,0.025
20170127,ID0024226Z2,0.031
20170127,ID002422708,0.0
20170127,ID002422717,0.003
20170127,ID0024CJ8L3,200.411
20170127,ID0024DQFC7,265.673
20170127,ID0024F69T0,0.328
20170127,ID0024L0502,194.253
20170127,ID0024MRWG5,3.253
20170127,ID0024MSL41,2.315
20170127,ID0024MSQ31,3.539
20170127,ID0024MSQC1,2.59
20170127,ID0024MSQK2,24.38
20170127,ID0024N3YB0,40.882
20170127,ID0024QJXK8,26.318
20170127,ID0024QWWH9,7.217
20170127,ID00259F593,62.045
20170127,ID00259HPP9,0.123
20170127,ID0025BSRJ5,52.8
20170127,ID0025DK6V1,0.002
20170127,ID0025DK6W0,0.0
20170127,ID0025DK6X9,0.0
20170127,ID0025DK6Y8,0.001
20170127,ID0025DK6Z7,0.2
20170127,ID0025DK703,0.0
20170127,ID0025DK712,0.002
20170127,ID0025DQ672,0.0
20170127,ID0025DQ681,0.0
20170127,ID0025DQ690,0.0
20170127,ID0025DQ6B7,0.01
20170127,ID0025DQ6F3,0.001
20170127,ID0025DQ6H1,0.001
20170127,ID0025DQ6J9,0.002
20170127,ID0025DQ6Q1,0.002
20170127,ID0025JCVJ6,1.373
20170127,ID0025JDR68,0.116
20170127,ID0025KKDD0,7.8
20170127,ID0025NL0R6,75.112
20170127,ID0025RP8D1,428.262
20170127,ID0025WP813,58.38
20170127,ID0025X0F85,7.8
20170127,ID0025X0WS6,58.38
20170127,ID0025YMHQ5,5.299
20170127,ID00260X9S2,324.841
20170127,ID002654XX4,21.95
20170127,ID00265DDC1,10.2
20170127,ID00265DDV0,10.2
20170127,ID00265V1Q2,389.824
20170127,ID0026Y52H6,2.862
20170127,ID0026Z4VQ0,169.535
20170127,ID00271D6Q9,2.579
20170127,ID00271DBT5,9.215
20170127,ID00271DDP5,0.62
20170127,ID0027BGRG9,9.591
20170127,ID0027J63S3,1419.512
20170127,ID0027K1VY6,141.758
20170127,ID0027P7N04,0.28
20170127,ID0027P7NJ4,0.131
20170127,ID0027P7NQ6,0.3
20170127,ID0027P7QC4,0.14
20170127,ID0027P7QQ9,8.225
20170127,ID0027T2XX3,4038.568
20170127,ID0027TYNR7,153.378
20170127,ID0027Y8J58,7.5
20170127,ID0027YBXC5,1751.459
20170127,ID002802CL4,382.246
20170127,ID00280C6K7,24.871
20170127,ID00282QDG8,485.589
20170127,ID00286MDF4,12.2
20170127,ID00286RY54,12.2
20170127,ID00286RYL6,9.458
20170127,ID00289F135,13.09
20170127,ID0028B6S40,6.085
20170127,ID0028TWWY0,89.242
20170127,ID0028Z2G74,3.791
20170127,ID0028Z2H81,12.225
20170127,ID0028Z2HS9,0.037
20170127,ID0028Z2L19,0.036
20170127,ID0028Z2NN1,0.057
20170127,ID0028Z2TX7,0.416
20170127,ID0028Z2Z09,0.005
20170127,ID0028Z32H3,0.02
20170127,ID0028Z32V7,0.047
20170127,ID0028Z3318,0.025
20170127,ID0028Z3390,0.012
20170127,ID0028Z33K7,0.042
20170127,ID0028Z33Y2,0.014
20170127,ID0028Z34L4,0.003
20170127,ID0028Z36N7,0.018
20170127,ID0028Z36V8,0.002
20170127,ID0028Z3764,0.006
20170127,ID0028Z37X4,0.025
20170127,ID0028Z38F2,0.082
20170127,ID0028Z3915,0.003
20170127,ID0028Z3B01,0.033
20170127,ID0028Z3BF5,0.047
20170127,ID0028Z3BL8,0.001
20170127,ID0028Z3CF3,0.013
20170127,ID0028Z3CM5,0.002
20170127,ID0028Z3CX3,0.001
20170127,ID0028Z3D98,0.001
20170127,ID0028Z3GH2,0.003
20170127,ID0028Z3QP1,0.005
20170127,ID0028Z3QY1,0.002
20170127,ID0028Z3Y65,6.122
20170127,ID0028Z3YM7,1.12
20170127,ID0028Z3Z26,3.343
20170127,ID0028Z3ZD4,0.129
20170127,ID0028Z3ZP1,0.28
20170127,ID0028Z42H2,0.411
20170127,ID0028Z4362,0.016
20170127,ID0028Z4415,0.251
20170127,ID0028Z44P9,0.586
20170127,ID0028Z4503,0.282
20170127,ID0028Z45C0,0.025
20170127,ID0028Z45S3,1.024
20170127,ID0028Z4656,0.291
20170127,ID0028Z46L8,0.064
20170127,ID0028Z46X5,0.418
20170127,ID0028Z4781,0.094
20170127,ID0028Z47W4,0.23
20170127,ID0028Z48D3,0.023
20170127,ID0028Z48S7,0.006
20170127,ID0028Z4996,1.13
20170127,ID0028Z49R6,0.124
20170127,ID0028Z4B64,0.025
20170127,ID0028Z4PX3,0.018
20170127,ID00293WYZ1,42.036
20170127,ID0029B67Z1,0.05
20170127,ID0029BDYV8,0.5
20170127,ID0029BJ8J3,0.1
20170127,ID0029BK0G1,0.02
20170127,ID0029F9HQ7,0.412
20170127,ID0029F9P61,0.309
20170127,ID0029FBGQ6,0.068
20170127,ID0029H02M9,1085.123
20170127,ID0029KCYD9,7.766
20170127,ID0029NLMT2,7.882
20170127,ID0029P0134,233.5
20170127,ID0029P6691,0.783
20170127,ID0029P69G7,1.289
20170127,ID0029P6BB7,1.546
20170127,ID0029P6DS5,0.724
20170127,ID0029S7TW8,0.749
20170127,ID0029S7YS2,0.535
20170127,ID0029S7ZB7,0.464
20170127,ID0029S86P5,0.559
20170127,ID0029S89G9,1.395
20170127,ID002B025R9,143.427
20170127,ID002B4H7B8,0.704
20170127,ID002B5XD88,5.192
20170127,ID002B6S0R9,0.836
20170127,ID002B8C0G4,0.618
20170127,ID002B94RL6,0.059
20170127,ID002B959X2,0.08
20170127,ID002B95RC5,0.014
20170127,ID002B95RY1,0.003
20170127,ID002BHC0V7,29.748
20170127,ID002BJ9PB4,243.082
20170127,ID002CBKJH5,5.295
20170127,ID002CLHQ72,3.549
20170127,ID002CR6DZ9,39.5
20170127,ID002CTZM38,5.295
20170127,ID002CZ0M05,0.011
20170127,ID002CZ2D03,0.036
20170127,ID002CZ2GY9,0.064
20170127,ID002CZ8C09,0.014
20170127,ID002D18B32,0.03
20170127,ID002D18HH4,0.012
20170127,ID002D190H0,0.198
20170127,ID002D1CW13,0.013
20170127,ID002D1D6G3,0.486
20170127,ID002D1D7F2,1.646
20170127,ID002D1D860,0.902
20170127,ID002D1DB63,0.154
20170127,ID002D1DBJ9,3.138
20170127,ID002D9P5K0,43.183
20170127,ID002DHWL65,0.2
20170127,ID002DKJTJ2,0.649
20170127,ID002DRHJD7,0.238
20170127,ID002DZZTM7,0.023
20170127,ID002DZZYD6,0.0
20170127,ID002F000Q9,0.089
20170127,ID002F00203,0.0
20170127,ID002F005C3,0.248
20170127,ID002F009C5,0.065
20170127,ID002F04548,0.74
20170127,ID002F2BCS5,14.241
20170127,ID002F2BKJ7,25.242
20170127,ID002F2BNP4,0.999
20170127,ID002F2BP33,10.348
20170127,ID002G0BWR5,20.242
20170127,ID002G4SL11,5.09
20170127,ID002G4TNJ7,0.243
20170127,ID002G933J8,0.2
20170127,ID002GCK0W3,4.04
20170127,ID002GCK847,0.38
20170127,ID002GD65B9,3.7
20170127,ID002GD6BM4,0.535
20170127,ID002GD6VL1,5.0
20170127,ID002GD7341,0.3
20170127,ID002GD7430,0.5
20170127,ID002GD74K1,7.8
20170127,ID002GD7J73,58.38
20170127,ID002GD7K52,0.328
20170127,ID002GD7L32,3.253
20170127,ID002GD7LR6,2.315
20170127,ID002GD7M94,3.539
20170127,ID002GD7MP6,2.59
20170127,ID002GD7N47,24.38
20170127,ID002GD8YL3,2.112
20170127,ID002GGCML7,4169.18
20170127,ID002GJZV45,24.649
20170127,ID002GK0725,5.414
20170127,ID002GKHZR8,15.12
20170127,ID002GMP1H1,42.191
20170127,ID002H0TF83,1.614
20170127,ID002H0TFX5,1.067
20170127,ID002H59B65,4.171
20170127,ID002MXJF68,22.122
20170127,ID002MXTY11,8.461
20170127,ID002N03764,7.618
20170127,ID002N07KY0,210.0
20170127,ID002N09X34,43.116
20170127,ID002N0QCJ4,0.0
20170127,ID002N0TKY6,0.008
20170127,ID002N0V273,0.0
20170127,ID002N0V8L4,3.336
20170127,ID002N0VJP6,145.077
20170127,ID002N0W860,0.002
20170127,ID002N0W995,5.414
20170127,ID002N0WDC2,0.038
20170127,ID002N0X271,0.234
20170127,ID002N0XBG1,0.003
20170127,ID002N0XCM2,2.091
20170127,ID002N0XF36,0.013
20170127,ID002N0XJL8,0.006
20170127,ID002N0XLQ8,0.012
20170127,ID002N0XSW6,0.125
20170127,ID002N0XTM5,0.0
20170127,ID002N0XW93,0.0
20170127,ID002N0XYQ0,0.003
20170127,ID002N0XZH7,0.001
20170127,ID002N0Y136,0.0
20170127,ID002N0Y1M5,0.002
20170127,ID002N0Y270,0.005
20170127,ID002N0Y403,0.025
20170127,ID002N0Y5K8,0.0
20170127,ID002N0Y831,0.0
20170127,ID002N0YC78,0.005
20170127,ID002N0YHH6,0.28
20170127,ID002N0YJR1,0.0
20170127,ID002N0YN47,0.0
20170127,ID002N0YP79,0.001
20170127,ID002N0YQL1,0.046
20170127,ID002N0YRD8,0.0
20170127,ID002N0YSZ2,0.0
20170127,ID002N0YV67,0.0
20170127,ID002N0YX09,0.027
20170127,ID002N0YYH9,0.174
20170127,ID002N0Z1W3,19.716
20170127,ID002N0Z4F6,0.003
20170127,ID002N0Z5V5,0.0
20170127,ID002N0Z6S7,0.0
20170127,ID002N10382,0.006
20170127,ID002N3M3Y5,0.0
20170127,ID002N3MFL2,0.0
20170127,ID002N3MK68,0.0
20170127,ID002N3MNC5,0.0
20170127,ID002N3P3X3,0.002
20170127,ID002N3P9L3,0.0
20170127,ID002N3PQ44,0.885
20170127,ID002N3PYQ3,0.617
20170127,ID002N3Q157,0.001
20170127,ID002N3Q2V6,0.001
20170127,ID002N3Q4R7,0.038
20170127,ID002N3Q816,0.041
20170127,ID002N3Q9P8,0.0
20170127,ID002N3QCR9,0.0
20170127,ID002N3QFB9,0.042
20170127,ID002N3QK37,0.001
20170127,ID002N3RS39,0.001
20170127,ID002N3RWC0,12.724
20170127,ID002N3S057,0.0
20170127,ID002N3S3C3,0.002
20170127,ID002N3S5Z3,0.001
20170127,ID002N3S7K5,0.006
20170127,ID002N3Z7X3,1.492
20170127,ID002N6MPG9,0.134
20170127,ID002N6MTY1,2.958
20170127,ID002N6P3G5,0.167
20170127,ID002N6P534,0.246
20170127,ID002N74MY4,1.827
20170127,ID002NKKHG8,8.199
20170127,ID002PD6280,33.66
20170127,ID002PQVD61,151.994
20170127,ID002PQZN10,4.543
20170127,ID002PQZNF5,0.014
20170127,ID002PQZP15,0.016
20170127,ID002PQZPF0,0.232
20170127,ID002PR0T22,3.395
20170127,ID002PVH956,0.3
20170127,ID002PXX1S6,10.9
20170127,ID002Q1K476,3.65
20170127,ID002Q1LWQ2,50.2
20170127,ID002Q1M385,50.2
20170127,ID002Q1M456,7.4
20170127,ID002Q24JY9,0.412
20170127,ID002Q24LK9,0.309
20170127,ID002Q24X41,0.068
20170127,ID002Q5B4H6,0.495
20170127,ID002Q5BNM8,0.242
20170127,ID002Q78QM1,0.705
20170127,ID002Q78RY6,0.705
20170127,ID002Q8GZX8,2.086
20170127,ID002Q8TX41,1.152
20170127,ID002Q9X1Z0,2.95
20170127,ID002QB90Q4,96.872
20170127,ID002QCYNH4,46.967
20170127,ID002QH8XZ0,0.495
20170127,ID002QH9FM2,0.347
20170127,ID002QH9PQ6,2.331
20170127,ID002QHB3N5,0.001
20170127,ID002QHB4V4,0.0
20170127,ID002QHB5M1,0.0
20170127,ID002QHB952,0.022
20170127,ID002QHBB02,0.009
20170127,ID002QHCDF1,0.002
20170127,ID002QHCF48,0.004
20170127,ID002QHCG46,0.072
20170127,ID002QHCHB6,0.0
20170127,ID002QHCJG7,0.0
20170127,ID002QHDJ03,0.0
20170127,ID002QHF5Z3,0.001
20170127,ID002QHFBR9,0.0
20170127,ID002QHFF81,0.001
20170127,ID002QHFN93,0.003
20170127,ID002QHFSV7,0.0
20170127,ID002QHFW11,0.0
20170127,ID002QHFWR3,0.005
20170127,ID002QHFXQ2,0.069
20170127,ID002QHFZ87,0.0
20170127,ID002QHG2Z9,0.001
20170127,ID002QHG528,0.0
20170127,ID002QJCK89,204.286
20170127,ID002QJXF32,0.255
20170127,ID002QLT981,690.26
20170127,ID002QNWFG0,4.08
20170127,ID002QR5M58,0.058
20170127,ID002QR5QT3,11.441
20170127,ID002QR5TJ8,0.653
20170127,ID002QR5WC8,17.113
20170127,ID002QR5Y34,1.432
20170127,ID002QR5ZS4,0.389
20170127,ID002QR61H0,0.042
20170127,ID002QR67W0,1.399
20170127,ID002QR68V9,4.48
20170127,ID002QRCCW2,2.734
20170127,ID002QTJL33,4.543
20170127,ID002QTJMD0,0.014
20170127,ID002QTKYZ8,4.607
20170127,ID002R07YZ5,29.748
20170127,ID002RQVRN9,1.046
20170127,ID002RRB3Y0,7.4
20170127,ID002RRB5Z4,7.4
20170127,ID002RWFFF9,0.074
20170127,ID002RWFQR2,0.027
20170127,ID002RWFY86,0.168
20170127,ID002RWG2Q5,0.036
20170127,ID002RWGG84,0.001
20170127,ID002RWGL83,0.004
20170127,ID002RWGNT6,0.012
20170127,ID002RWGVL6,0.017
20170127,ID002RWGY58,0.015
20170127,ID002RWGZ00,0.08
20170127,ID002S09WN9,0.287
20170127,ID002S09XM8,0.287
20170127,ID002S0B092,1.046
20170127,ID002V28LX5,184.654
20170127,ID002VBQZ28,200.0
20170127,ID002VKF2F9,8.994
20170127,ID002VYCS92,537.314
20170127,ID002VYTY55,12.299
20170127,ID002W51DG1,50.2
20170127,ID002W51TQ5,58.38
20170127,ID002W51ZD5,7.8
20170127,ID002W523V5,7.4
20170127,ID002W52CN4,0.5
20170127,ID002W52KY4,0.535
20170127,ID002W52SK2,0.3
20170127,ID002W530J4,5.0
20170127,ID002W53H98,0.38
20170127,ID002W53XS2,3.7
20170127,ID002W543S7,2.315
20170127,ID002W54L89,3.539
20170127,ID002W555Y4,24.38
20170127,ID002W55CV2,5.414
20170127,ID002W55GZ9,2.914
20170127,ID002W5DGT7,4.706
20170127,ID002W5T6B1,184.199
20170127,ID002W8PL99,3.76
20170127,ID002W94LG2,169.118
20170127,ID002W99M57,2.702
20170127,ID002W99MM8,2.702
20170127,ID002WBKJ47,0.5
20170127,ID002WDRVX7,6.855
20170127,ID002WJKNZ7,47.093
20170127,ID002WK8HY2,250.49
20170127,ID002WK95C1,295.175
20170127,ID002WLZWT3,0.287
20170127,ID002WM1L67,1.046
20170127,ID002WRZYR8,115.173
20170127,ID002WS3503,25.301
20170127,ID002WXYKS5,80.421
20170127,ID002WYG4X3,24.155
20170127,ID002XQ3LT0,0.012
20170127,ID002XQH5N6,254.444
20170127,ID002XX2L43,550.756
20170127,ID002XX4NC8,275.378
20170127,ID002YL04D8,78.114
20170127,ID002YMXRJ3,188.951
20170127,ID002YTDZP5,126.069
20170127,ID002YVMSH5,44.324
20170127,ID002YWYR00,0.07
20170127,ID002YWZ1C3,0.11
20170127,ID002YWZ6F9,0.023
20170127,ID002YWZF78,0.96
20170127,ID002YX0H43,4.06
20170127,ID002YX0W95,0.05
20170127,ID002YX0X66,2.04
20170127,ID002Z08V81,0.096
20170127,ID002Z0H0M3,0.14
20170127,ID002Z0J826,0.07
20170127,ID002Z0JHR9,0.11
20170127,ID002Z0JYC8,0.023
20170127,ID002Z0K8L3,0.96
20170127,ID002Z0K9N9,0.14
20170127,ID002Z0KBQ1,4.06
20170127,ID002Z0KCM3,0.05
20170127,ID002Z0KFZ2,2.04
20170127,ID002Z0LB80,0.096
20170127,ID002Z340D1,2340.825
20170127,ID002Z53VN8,0.243
20170127,ID002Z53Z13,6.085
20170127,ID002ZGNFL9,37.402
20170127,ID002ZKDJ97,44.11
20170127,ID002ZL3MD4,1.852
20170127,ID002ZL4880,8.338
20170127,ID002ZL4WS5,0.446
20170127,ID002ZL6FH2,3.626
20170127,ID002ZPXX75,35.128
20170127,ID002ZTMNJ8,0.412
20170127,ID002ZTMQZ3,0.309
20170127,ID002ZTMRG2,0.068
20170127,ID003218C30,329.394
20170127,ID00321SBS3,0.268
20170127,ID00321SHR1,0.268
20170127,ID003241JT8,400.33
20170127,ID003241MZ4,400.33
20170127,ID0032420X3,14.98
20170127,ID0032423S3,14.98
20170127,ID0032468B6,20.005
20170127,ID003246BV7,20.005
20170127,ID003246T93,5.417
20170127,ID0032473Z0,78.501
20170127,ID00325BD80,13.897
20170127,ID00328N3G4,78.315
20170127,ID00328NPF6,93.766
20170127,ID003291W18,1.508
20170127,ID0032HMZN6,167.926
20170127,ID0032JYVT2,153.789
20170127,ID0032KT5J3,13.873
20170127,ID0032L4LC0,63.001
20170127,ID0032NRV93,0.618
20170127,ID0032NRZR4,17.067
20170127,ID0032NS456,22.07
20170127,ID0032VT2H8,0.243
20170127,ID0032Y7X33,20.731
20170127,ID003368RL5,295.833
20170127,ID00337BX36,852.58
20170127,ID0033B83H2,4.741
20170127,ID0033B8P01,208.34
20170127,ID0033JZSK6,9.242
20170127,ID0033N6J47,58.979
20170127,ID00341VG42,125.0
20170127,ID0034VQZY7,1.837
20170127,ID0034W4L61,417.917
20170127,ID0034Y9WZ6,186.319
20170127,ID00351CYC4,7.877
20170127,ID00351D3S4,1.2
20170127,ID0035689Z8,79.625
20170127,ID003568FK0,3.16
20170127,ID003568MQ9,9.47
20170127,ID003569DG9,104.615
20170127,ID00359T3V6,27.702
20170127,ID00359WC88,19.683
20170127,ID0035GJD58,6.882
20170127,ID0035GLYB2,64.528
20170127,ID0035H8LL2,23.997
20170127,ID0035H8NY4,0.258
20170127,ID0035H8Q68,0.1
20170127,ID0035H8S19,1.811
20170127,ID0035H8VC0,0.925
20170127,ID0035H8VL0,16.707
20170127,ID0035H8Z04,0.916
20170127,ID0035H9055,8.432
20170127,ID0035H92Q8,14.062
20170127,ID0035H93Z6,1.762
20170127,ID0035H95N4,19.667
20170127,ID0035H9876,4.727
20170127,ID0035H9PY8,1.776
20170127,ID0035H9R56,4.776
20170127,ID0035H9RR2,0.643
20170127,ID0035H9S54,6.945
20170127,ID0035H9W73,5.9
20170127,ID0035HB9W3,0.342
20170127,ID0035HBBZ5,1.814
20170127,ID0035JJC54,0.315
20170127,ID0035MC2C8,37.96
20170127,ID0035MCY56,8.922
20170127,ID0035PVXZ7,1133.757
20170127,ID0035PYLT7,181.614
20170127,ID0035QBLP4,0.653
20170127,ID0035QC3N5,0.171
20170127,ID0035QC6N8,17.113
20170127,ID0035QCFG6,1.432
20170127,ID0035QCJQ7,0.389
20170127,ID0035QCL73,0.033
20170127,ID0035QCNB4,1.399
20170127,ID0035QCVD4,4.48
20170127,ID0035QD247,4.607
20170127,ID0035QD5Q6,2.655
20170127,ID0035QGRZ5,4.769
20170127,ID0035QLT58,0.264
20170127,ID0035QQXT8,0.046
20170127,ID0035QQZT3,0.062
20170127,ID0035QR1J8,0.044
20170127,ID0035QR3Y7,1.238
20170127,ID0035QR7F9,0.134
20170127,ID0035SV9T1,0.431
20170127,ID0035W98W5,11.977
20170127,ID00362J243,0.3
20170127,ID003652XR1,0.5
20170127,ID00366FTN8,1.734
20170127,ID00366LLR4,2.617
20170127,ID00366Q1F6,3.491
20170127,ID00366Q1W7,3.491
20170127,ID00366QFB9,3.089
20170127,ID00366QRM1,1.776
20170127,ID00366QS21,1.776
20170127,ID00366QT10,0.643
20170127,ID00366QTF5,0.643
20170127,ID00366S0N7,0.342
20170127,ID00366S1X4,1.814
20170127,ID00366S4B2,0.258
20170127,ID00366S592,0.1
20170127,ID00366S9X7,0.925
20170127,ID0036GJ6Y0,9.414
20170127,ID0036JK878,4.776
20170127,ID0036JKD40,6.945
20170127,ID0036JKG98,0.59
20170127,ID0036JKGY0,0.59
20170127,ID0036JKHZ7,5.9
20170127,ID0036JKJF5,5.9
20170127,ID0036R85W2,0.11
20170127,ID0036R87Y6,0.96
20170127,ID0036R88H3,0.05
20170127,ID0036T80S4,0.3
20170127,ID0036T80W9,0.15
20170127,ID0036T80X8,0.3
20170127,ID0036T81C9,0.15
20170127,ID0036WVLK3,224.153
20170127,ID0036X6HW5,0.0
20170127,ID0036X6LK9,0.0
20170127,ID0036X6N98,0.0
20170127,ID0036X7042,0.001
20170127,ID0036X74P1,0.017
20170127,ID0036X7BW7,0.017
20170127,ID0036X7D71,0.001
20170127,ID0036YLP94,3.772
20170127,ID0037QXZ04,5.52
20170127,ID0037R3TL6,0.012
20170127,ID0037R3YT7,0.013
20170127,ID0037R4PH8,0.0
20170127,ID0037R5MP5,0.0
20170127,ID0037R5NB8,0.0
20170127,ID0037R6CV9,0.002
20170127,ID0037R75R8,0.0
20170127,ID0037R7R63,0.001
20170127,ID0037R9BJ2,0.004
20170127,ID0037R9Q90,0.009
20170127,ID0037R9SR6,0.0
20170127,ID0037R9TJ3,0.0
20170127,ID0037SX8B8,27.702
20170127,ID0037WNQ02,16.485
20170127,ID00388PVB9,5.472
20170127,ID00393J9W2,37.738
20170127,ID00393JV62,18.407
20170127,ID00393KW13,62.045
20170127,ID00393M2M4,52.4
20170127,ID00393MV31,14.6
20170127,ID00393QR18,38.4
20170127,ID00393QX06,12.2
20170127,ID00397CVG9,14.818
20170127,ID0039BTTB2,181.067
20170127,ID0039BVGB7,23.9
20170127,ID0039DGY03,0.563
20170127,ID0039DGY12,0.63
20170127,ID003B8XYV8,8.733
20170127,ID003BC3DZ4,0.6
20170127,ID003BCBN10,0.4
20170127,ID003BCCCV0,4.543
20170127,ID003BCCLX8,0.016
20170127,ID003BCCQX7,0.232
20170127,ID003BJ4NB2,138.089
20170127,ID003BXJN43,4.06
20170127,ID003BZGWN0,23.614
20170127,ID003BZJ100,18.77
20170127,ID003C7D0D5,0.613
20170127,ID003C7D5Z0,0.114
20170127,ID003C7D8N7,0.452
20170127,ID003C7D9P3,4.009
20170127,ID003C7DD29,4.556
20170127,ID003C7DJM4,0.731
20170127,ID003C7DKK3,0.61
20170127,ID003C7DLP6,0.04
20170127,ID003C7DM56,4.951
20170127,ID003C7DNC6,0.039
20170127,ID003C7DPZ6,1.502
20170127,ID003C7DQY5,6.41
20170127,ID003CC3278,100.0
20170127,ID003CDTG22,14.444
20170127,ID003CKMP87,4.661
20170127,ID003CKNFD2,4.031
20170127,ID003CKR130,37.433
20170127,ID003D07778,6.818
20170127,ID003D42QR1,74.895
20170127,ID003DD15X1,3.089
20170127,ID003DKJHX0,3.491
20170127,ID003FD8W27,8.784
20170127,ID003FD8YQ7,115.094
20170127,ID003FD90W3,8.784
20170127,ID003FH03L9,15.945
20170127,ID003FWSXF7,3.2
20170127,ID003FWT0F8,3.2
20170127,ID003FWTYW5,5.025
20170127,ID003FWV029,5.025
20170127,ID003G0S576,0.68
20170127,ID003G0S8X1,0.68
20170127,ID003G0SFQ3,6.224
20170127,ID003G2LJ97,6.918
20170127,ID003G4DDC1,3.681
20170127,ID003G4DHL2,2974.555
20170127,ID003GM5P79,2011.257
20170127,ID003GM87N8,105.801
20170127,ID003GVLGS8,8.539
20170127,ID003GW1860,363.196
20170127,ID003GW1XP4,105.582
20170127,ID003GX7DL4,29.1
20170127,ID003H4DJZ2,0.63
20170127,ID003HBXP08,0.034
20170127,ID003HBXTW5,0.034
20170127,ID003HBY164,1.361
20170127,ID003HBY3P9,0.144
20170127,ID003HC0PR3,0.197
20170127,ID003HC0R53,0.197
20170127,ID003HC15S5,11.801
20170127,ID003HC1HD5,11.801
20170127,ID003J618P3,5.512
20170127,ID003LJXK70,614.169
20170127,ID003LNWGN3,30.806
20170127,ID003LRS1B5,0.201
20170127,ID003LRS296,0.215
20170127,ID003M272B0,12.662
20170127,ID003M28201,1.087
20170127,ID003M28CV5,0.442
20170127,ID003M28G19,5.79
20170127,ID003M28L27,1.18
20170127,ID003M65JC5,10.072
20170127,ID003M9CLW4,13.555
20170127,ID003M9K2B0,0.211
20170127,ID003M9NW58,9.032
20170127,ID003M9P369,0.328
20170127,ID003M9P7L3,24.861
20170127,ID003M9PC87,1.063
20170127,ID003M9PZL1,1.591
20170127,ID003M9QN82,9.515
20170127,ID003MB29C9,0.99
20170127,ID003MB2F44,12.662
20170127,ID003MB2HS4,0.442
20170127,ID003MB46J6,1.18
20170127,ID003MB4866,0.211
20170127,ID003MB4DP4,0.328
20170127,ID003MB84C4,24.861
20170127,ID003MCRJT0,1.591
20170127,ID003MCRLB4,9.515
20170127,ID003MCRNF6,0.99
20170127,ID003MHSC31,0.63
20170127,ID003MJ6PS5,6.234
20170127,ID003MJ6XJ8,6.234
20170127,ID003MM9ZV9,65.183
20170127,ID003MMSFB4,6.061
20170127,ID003MMTSF1,2.477
20170127,ID003MVBBK1,314.547
20170127,ID003NBB0P3,10.072
20170127,ID003NS5BJ6,11.1
20170127,ID003NT51H8,1.811
20170127,ID003NT9H34,8.432
20170127,ID003NT9NJ4,3.491
20170127,ID003NT9PB7,3.089
20170127,ID003NT9Q25,1.776
20170127,ID003NT9QY0,0.643
20170127,ID003NT9WP7,1.814
20170127,ID003NT9XF6,0.258
20170127,ID003NT9XS2,0.1
20170127,ID003NTB127,0.925
20170127,ID003NTB225,0.916
20170127,ID003NTB2N2,63.19
20170127,ID003NTBBD3,0.615
20170127,ID003NTBC69,4.776
20170127,ID003NTBCX9,6.945
20170127,ID003NTBDP6,5.9
20170127,ID003NTHCG2,9.46
20170127,ID003NTHGM6,12.8
20170127,ID003NTHGW5,2.8
20170127,ID003NV1FB2,620.0
20170127,ID003NVL5L1,2321.187
20170127,ID003NXK949,3.469
20170127,ID003P4Y964,5.747
20170127,ID003P4YCV9,0.558
20170127,ID003P51G70,25.6
20170127,ID003P53ZW8,38.8
20170127,ID003P54483,38.8
20170127,ID003P548Y5,21.2
20170127,ID003P7LNJ6,21.2
20170127,ID003P7LPT0,25.6
20170127,ID003P7MDN2,25.541
20170127,ID003P7MLC6,25.541
20170127,ID003P97FR6,54.395
20170127,ID003PCFLJ6,0.015
20170127,ID003PCFNW7,0.23
20170127,ID003PD2SZ5,1.2
20170127,ID003PD2V42,21.057
20170127,ID003PD3959,9.3
20170127,ID003PFZ4F9,430.327
20170127,ID003PWRLF3,51.062
20170127,ID003Q181G4,0.042
20170127,ID003Q183X1,0.013
20170127,ID003Q18B36,1.93
20170127,ID003Q18GB6,0.408
20170127,ID003Q18GR9,0.08
20170127,ID003Q18GZ0,0.844
20170127,ID003Q1PDR7,0.25
20170127,ID003Q2RR56,0.151
20170127,ID003Q2RRM7,2.758
20170127,ID003Q5MDB8,60.239
20170127,ID003QC1RS7,69.288
20170127,ID003QC84V7,37.433
20170127,ID003QC9NW3,1625.099
20170127,ID003QCC3S8,0.16
20170127,ID003QCC987,0.11
20170127,ID003QCCKX4,0.037
20170127,ID003QCCWH6,0.11
20170127,ID003QCGGT4,0.511
20170127,ID003QGJLL9,0.668
20170127,ID003QGS4H2,1.0
20170127,ID003QK0TN1,160.769
20170127,ID003QK0W45,0.341
20170127,ID003QK1D82,0.592
20170127,ID003QK1PD9,0.106
20170127,ID003QK1R90,0.012
20170127,ID003QK21C2,45.103
20170127,ID003QK29Q0,0.442
20170127,ID003QK2QL7,4.194
20170127,ID003QK2Y85,0.0
20170127,ID003QKB6J4,2.592
20170127,ID003QKBW07,7.906
20170127,ID003QQG3R4,0.25
20170127,ID003QQJVG1,0.012
20170127,ID003QSS6S9,25.922
20170127,ID003QTQNS2,44.648
20170127,ID003RY9X43,37.818
20170127,ID003RYPNQ3,1.2
20170127,ID003RYPSZ2,21.057
20170127,ID003RYPTN3,0.25
20170127,ID003S01B24,1625.099
20170127,ID003S9V794,4.135
20170127,ID003S9V838,1.68
20170127,ID003S9V9R0,4.135
20170127,ID003S9VNJ8,1.68
20170127,ID003SCPJB5,15.515
20170127,ID003SG5MG6,2.914
20170127,ID003T0P9C1,63.188
20170127,ID003T12VZ0,742.232
20170127,ID003T13RQ8,3.626
20170127,ID003T1QC86,0.268
20170127,ID003T1QT07,0.096
20170127,ID003T1QWF4,5.025
20170127,ID003T1R4G4,15.12
20170127,ID003T1R6W1,7.4
20170127,ID003T1R9L7,3.2
20170127,ID003T1RFF0,50.2
20170127,ID003T1RHF6,7.4
20170127,ID003T4K297,344.74
20170127,ID003T4KGK3,300.013
20170127,ID003T4KGT4,720.598
20170127,ID003T4Y470,150.0
20170127,ID003TBWPT5,0.15
20170127,ID003TNSL86,22.151
20170127,ID003TNSXM4,21144.63
20170127,ID003TXRWV5,0.511
20170127,ID00423N060,104.689
20170127,ID00424LX04,0.187
20170127,ID00424LX86,0.078
20170127,ID00424M1M9,0.957
20170127,ID00424M6V8,0.108
20170127,ID00424MGD6,0.134
20170127,ID00424MJH6,0.093
20170127,ID00424MJT3,0.111
20170127,ID00424MW41,0.073
20170127,ID00424N1C9,1.094
20170127,ID00424N709,0.113
20170127,ID00424N7M5,0.117
20170127,ID00424N816,0.069
20170127,ID00424N8J7,0.193
20170127,ID00424N8Y0,0.527
20170127,ID00424NBL7,0.084
20170127,ID00424NM33,0.157
20170127,ID00424NX66,0.115
20170127,ID00424NXK0,0.063
20170127,ID00424NY19,0.084
20170127,ID00424NY91,0.07
20170127,ID00424NZG0,0.081
20170127,ID00424P1T9,0.084
20170127,ID00424PP34,0.075
20170127,ID00424PPC4,0.15
20170127,ID00424PPS7,0.366
20170127,ID00424PPX1,0.069
20170127,ID00424QB89,0.076
20170127,ID00424QZF8,0.105
20170127,ID00424SSQ0,461.332
20170127,ID0042FK271,210.306
20170127,ID0042M6VM1,6.085
20170127,ID0042MN120,8.21
20170127,ID0042QDBZ4,5.747
20170127,ID0042VJXZ9,6.85
20170127,ID0042VK490,8.21
20170127,ID0042XSLR0,20.005
20170127,ID0042XVV76,14.98
20170127,ID0042XVY25,400.33
20170127,ID004387J83,50.0
20170127,ID0043CJ8X7,2.0
20170127,ID0043CJC22,2.0
20170127,ID0043CJGF9,2.8
20170127,ID0043CJMK0,2.8
20170127,ID0043GB6R7,85.495
20170127,ID0043QB7S2,21.623
20170127,ID0043QHMS3,1.5
20170127,ID0043WL7D4,1.068
20170127,ID0043ZR518,0.075
20170127,ID00443M586,254.391
20170127,ID00445MWX4,3.553
20170127,ID00448DY37,152.831
20170127,ID004491V61,21.623
20170127,ID004496DY5,0.037
20170127,ID004499NH9,148.859
20170127,ID0044J8LZ2,0.429
20170127,ID0044K1B60,0.043
20170127,ID0045CCBK9,2296.945
20170127,ID0045CCD98,0.7
20170127,ID0045P9SN4,0.303
20170127,ID0045X2475,125.596
20170127,ID00468ZSV3,157.248
20170127,ID00469MNR1,14.321
20170127,ID0047BWGW3,8.976
20170127,ID0047DY882,160.769
20170127,ID0047F2819,0.592
20170127,ID0047F29H0,0.012
20170127,ID0047F2B30,0.0
20170127,ID0047F2D45,4.194
20170127,ID0047F2H73,0.341
20170127,ID0049112W8,295.996
20170127,ID004911775,5.07
20170127,ID004916V86,19.987
20170127,ID004916Z69,19.987
20170127,ID00493H5S5,121.294
20170127,ID00496JHH2,4.08
20170127,ID00496LTP4,921.538
20170127,ID0049F7304,5.512
20170127,ID004BDJQ66,25.421
20170127,ID004BHY842,0.042
20170127,ID004BHYFM6,0.408
20170127,ID004BQ8Q78,20.429
20170127,ID004BQMH54,0.429
20170127,ID004BRWPH0,216.321
20170127,ID004BZGNX7,179.621
20170127,ID004C4N165,2.239
20170127,ID004C4RXL4,6.805
20170127,ID004C4S0N3,0.713
20170127,ID004C4SKH6,0.713
20170127,ID004CDSD91,105.699
20170127,ID004CH2YY6,1103.948
20170127,ID004CZFY09,145.858
20170127,ID004D2D5M2,921.538
20170127,ID004D2FK83,0.774
20170127,ID004D7WJX8,90.424
20170127,ID004DF5JN1,20.612
20170127,ID004DJJ7W4,536.53
20170127,ID004DZ1QM6,19.41
20170127,ID004F79LH5,2.2
20170127,ID004F7BZK7,0.75
20170127,ID004F7QP78,1.0
20170127,ID004FFMC82,33.694
20170127,ID004FHH1G9,0.034
20170127,ID004FHHCH4,0.197
20170127,ID004FKMCT8,28.351
20170127,ID004FL7803,65.365
20170127,ID004FLBSL1,0.2
20170127,ID004FLBSM0,0.2
20170127,ID004FNB243,212.826
20170127,ID004FR5492,71.054
20170127,ID004FRJSD9,0.15
20170127,ID004FRRFL9,0.025
20170127,ID004FRSRN0,0.087
20170127,ID004FRV723,0.188
20170127,ID004FRVSK7,0.322
20170127,ID004G01QQ6,0.278
20170127,ID004G39HL7,10.2
20170127,ID004G39K03,10.2
20170127,ID004G47KC0,5.025
20170127,ID004G47MY2,8.21
20170127,ID004G47NS7,0.268
20170127,ID004G47Q91,3.2
20170127,ID004G47S51,0.096
20170127,ID004GTZ6J8,0.5
20170127,ID004GTZ6K6,0.25
20170127,ID004H1JYK3,0.2
20170127,ID004H1JYL2,0.2
20170127,ID004H791X9,1.259
20170127,ID004H8C7Y9,5.512
20170127,ID004HL5GD1,1.1
20170127,ID004HL5HP6,1.1
20170127,ID004HNSPN1,92.842
20170127,ID004HSW7P3,0.949
20170127,ID004HTR7S4,1.6
20170127,ID004HWQQQ8,12.1
20170127,ID004HWQQZ8,42.4
20170127,ID004HWQR68,2.0
20170127,ID004HWQSK0,0.705
20170127,ID004HWQSR3,2.702
20170127,ID004HWQSZ4,6.234
20170127,ID004HWQT55,21.2
20170127,ID004HWQTC7,25.6
20170127,ID004HWQTK8,38.8
20170127,ID004HWQTS0,25.541
20170127,ID004J92FY8,1.65
20170127,ID004JDCGF7,0.994
20170127,ID004JDQGR9,0.298
20170127,ID004JDS4X7,35.849
20170127,ID004JDS939,0.994
20170127,ID004K1M3X9,10.486
20170127,ID004K2T5X5,2.319
20170127,ID004K4V8W3,18.407
20170127,ID004K52B19,37.738
20170127,ID004K52K37,2.702
20170127,ID004K52LS8,8.784
20170127,ID004K8XWB2,29.302
20170127,ID004K945Q5,241.194
20170127,ID004KD4YK9,11.801
20170127,ID004KFBTH1,19.112
20170127,ID004KGF505,2.204
20170127,ID004KGFQ72,4.3
20170127,ID004LHNGQ1,5.374
20170127,ID004LN45X5,369.121
20170127,ID004LNRLY4,21.0
20170127,ID004LNWH77,148.351
20170127,ID004LSJH80,0.006
20170127,ID004LSJKV7,0.006
20170127,ID004LT5525,24.536
20170127,ID004LT7VC5,34.644
20170127,ID004LT8L18,34.644
20170127,ID004LT9Q61,7.871
20170127,ID004LTB369,7.871
20170127,ID004LTCNC7,9.116
20170127,ID004LTCRD7,9.116
20170127,ID004M27086,105.835
20170127,ID004MDSW70,26.592
20170127,ID004MDV3Z9,77.583
20170127,ID004MGY0Y6,737.244
20170127,ID004MP2G67,0.36
20170127,ID004MP75N7,5.41
20170127,ID004MY72C7,13.124
20170127,ID004N1L5H0,44.778
20170127,ID004N6DX50,20.005
20170127,ID004N6GFY4,14.98
20170127,ID004N6JVF7,400.33
20170127,ID004N6KQF6,24.536
20170127,ID004N6PGD5,7.871
20170127,ID004N6Q316,34.644
20170127,ID004N6QLV3,9.116
20170127,ID004NCKCV6,0.67
20170127,ID004NCM889,0.027
20170127,ID004NCNXC8,0.003
20170127,ID004NCQ493,0.034
20170127,ID004NFB0V5,201.567
20170127,ID004P23GV6,3.078
20170127,ID004P243M4,3.078
20170127,ID004P55K57,2.204
20170127,ID004P55TD9,4.3
20170127,ID004P55VW3,4.556
20170127,ID004P562G4,4.951
20170127,ID004P69SM5,26.123
20170127,ID004PK30B3,6.395
20170127,ID004PP6D12,125.781
20170127,ID004PQ5V75,34.644
20170127,ID004PQ5VM8,24.536
20170127,ID004PQ5W46,7.871
20170127,ID004PQ60X3,9.116
20170127,ID004PQB012,4.93
20170127,ID004PQP311,80.471
20170127,ID004PY0BX8,0.22
20170127,ID004PZN0R1,0.08
20170127,ID004PZN2H8,0.08
20170127,ID004QCXK96,9.314
20170127,ID004RK67K3,0.045
20170127,ID004RNRF99,13.352
20170127,ID004RNRFH0,0.934
20170127,ID004RPRTK1,8.41
20170127,ID004RRMD63,0.03
20170127,ID004RRWKK0,0.007
20170127,ID004RRX1L0,0.231
20170127,ID004RRZPY1,0.024
20170127,ID004RS7L06,0.052
20170127,ID004RSD1L0,0.009
20170127,ID004RSD3T8,0.01
20170127,ID004RV5B67,30.554
20170127,ID004RWJ5F3,1.6
20170127,ID004RWQR49,0.015
20170127,ID004RWR653,0.01
20170127,ID004RWR7M2,0.056
20170127,ID004RWTHC9,0.002
20170127,ID004RWTMS1,0.008
20170127,ID004RWTNY2,0.043
20170127,ID004RWTXN2,0.007
20170127,ID004RWX399,0.018
20170127,ID004RWX576,0.032
20170127,ID004S4DJ88,24.508
20170127,ID004S4GKD6,54.429
20170127,ID004S61C81,90.397
20170127,ID004T2HP83,109.625
20170127,ID004T4QY08,40.912
20170127,ID004T6C4B2,67.626
20170127,ID004T6HJR7,12.972
20170127,ID004TCCPN9,13.613
20170127,ID004TMT465,832.998
20170127,ID004TT51G1,3300.474
20170127,ID004TT6P86,238.375
20170127,ID004TZ8FR1,172.51
20170127,ID004V7D7P4,114.888
20170127,ID004V7RBC4,5835.057
20170127,ID004VCV942,0.812
20170127,ID004WSNC66,2.204
20170127,ID004WSP854,4.3
20170127,ID004X6TTX0,17.014
20170127,ID004X6V3Q2,5.429
20170127,ID004XC5W48,22.149
20170127,ID004XFG600,50.0
20170127,ID004XQ5FJ8,103.271
20170127,ID004YW21M4,1.905
20170127,ID00539J8Z9,95.894
20170127,ID0053Y81W4,4.475
20170127,ID00559YT11,5.132
20170127,ID00559YV34,5.132
20170127,ID0055B7D84,1.778
20170127,ID0055B8269,1.778
20170127,ID0055BHP13,12.857
20170127,ID0055BHY78,12.857
20170127,ID0055DV214,0.322
20170127,ID0055DV4G4,0.188
20170127,ID0055DV7H6,0.911
20170127,ID0055DW9V5,0.911
20170127,ID00563QG65,275.104
20170127,ID00567KP35,35.998
20170127,ID00567L6N4,41.689
20170127,ID00567LF90,21.479
20170127,ID00567LM95,53.052
20170127,ID00567LV95,34.739
20170127,ID0056GJV61,1.51
20170127,ID0056L8QD5,37.1
20170127,ID00579Y6N5,51.076
20170127,ID0057BPW53,0.074
20170127,ID0057BQ490,0.074
20170127,ID0057BX8K0,0.359
20170127,ID0057BXV65,0.359
20170127,ID0057F9HJ0,55.71
20170127,ID0057K4LF9,50.0
20170127,ID0057K4LG8,50.0
20170127,ID0057K4LH7,50.0
20170127,ID0057K4LJ5,50.0
20170127,ID0057K4LK3,50.0
20170127,ID0057K4LL2,50.0
20170127,ID0057YDV67,23.2
20170127,ID0057YDX81,8.0
20170127,ID0057ZX6F7,4.85
20170127,ID005802GP4,4.85
20170127,ID0058141B8,174.439
20170127,ID0058239K0,0.696
20170127,ID005823CQ7,0.696
20170127,ID005840QL0,13.211
20170127,ID005846SL0,0.421
20170127,ID005846SR4,0.421
20170127,ID005846T01,0.528
20170127,ID005846T74,0.528
20170127,ID005846VW1,2.733
20170127,ID005846W86,2.733
20170127,ID005846WP7,1.087
20170127,ID005846XD8,9.032
20170127,ID005847290,5.79
20170127,ID005847BK7,1.063
20170127,ID005847DF9,0.031
20170127,ID005847F00,0.031
20170127,ID005847JL9,0.024
20170127,ID005847MV1,0.024
20170127,ID005848G25,0.105
20170127,ID005848TV5,0.105
20170127,ID00584LF86,0.075
20170127,ID00584Q8K3,0.075
20170127,ID005884686,0.041
20170127,ID0058904C8,0.041
20170127,ID0058L76Q4,0.726
20170127,ID0058Q0LT4,1.279
20170127,ID0058Q5XR5,4.801
20170127,ID0058Q6D34,3.805
20170127,ID0058QRRV9,1.798
20170127,ID0058QSP97,4.801
20170127,ID0058QT279,3.805
20170127,ID0058QTPX9,1.798
20170127,ID0058QVPY5,19.728
20170127,ID0058QVR53,5.802
20170127,ID0058QVRW3,5.436
20170127,ID0058QVY85,1.043
20170127,ID0058QVYP6,1.043
20170127,ID0058WNTH2,3.835
20170127,ID0058WQP23,0.192
20170127,ID0059F2MG7,1.279
20170127,ID005BLJCW7,3.091
20170127,ID005BLL0Z7,1.314
20170127,ID005BNZNX0,1.838
20170127,ID005BP0116,13.196
20170127,ID005BP0K87,11.933
20170127,ID005BP0PB2,3.786
20170127,ID005BRK209,2.099
20170127,ID005BRKCP0,21.057
20170127,ID005BRKDS5,4.475
20170127,ID005BRT0C1,0.211
20170127,ID005BRTZH9,0.211
20170127,ID005BRVDV9,0.211
20170127,ID005C3F715,109.268
20170127,ID005C4BXZ3,2.589
20170127,ID005C4M635,1361.623
20170127,ID005CB9J18,1.93
20170127,ID005CBBQ55,27.31
20170127,ID005CBBVL6,2.417
20170127,ID005CBC088,15.869
20170127,ID005CFV293,0.317
20170127,ID005CFWP55,0.397
20170127,ID005CHF0X4,17.1
20170127,ID005CHFXQ0,1.357
20170127,ID005CM0YM7,1000.0
20170127,ID005CP7CB3,12.898
20170127,ID005CW6P93,209.333
20170127,ID005CY5L62,169.497
20170127,ID005CYVPB8,0.045
20170127,ID005CZ1KM7,0.045
20170127,ID005CZ1XY6,0.045
20170127,ID005D1WH99,4.902
20170127,ID005D1WKC8,23.2
20170127,ID005D1WN69,8.0
20170127,ID005D1YRH6,47.346
20170127,ID005D751L7,0.09
20170127,ID005D7NYX2,15.159
20170127,ID005D7PN00,10.086
20170127,ID005DKR768,13.182
20170127,ID005DKTY30,13.182
20170127,ID005DKVQH9,7.542
20170127,ID005DNGWZ7,7.542
20170127,ID005DNRW21,1.714
20170127,ID005DP38Y0,1.714
20170127,ID005DP59Z5,2.144
20170127,ID005DTTQL8,19.82
20170127,ID005DVD7G8,19.82
20170127,ID005DXJZ58,90.494
20170127,ID005DYWMG8,153.886
20170127,ID005F0QF81,30.084
20170127,ID005F0TCH5,714.903
20170127,ID005F2FBC3,0.242
20170127,ID005F2FK42,2.424
20170127,ID005F2FL13,2.163
20170127,ID005FCFHR2,28.838
20170127,ID005FGL3B4,1.321
20170127,ID005FGS1L0,0.683
20170127,ID005FH0X56,0.117
20170127,ID005FHF4J9,0.53
20170127,ID005FHGHZ1,0.117
20170127,ID005FHGQ72,0.042
20170127,ID005GBMMQ5,1015.809
20170127,ID005GBRGB9,59.82
20170127,ID005GR7DM1,4.313
20170127,ID005GR97V2,0.015
20170127,ID005GR9PP9,0.17
20170127,ID005GRB8H3,0.214
20170127,ID005GRBH29,3.168
20170127,ID005H7MY87,385.422
20170127,ID005H80C41,11.933
20170127,ID005H80CR6,21.479
20170127,ID005H9LB75,1.905
20170127,ID005H9XYL6,2.666
20170127,ID005H9Y4Y7,9.514
20170127,ID005H9YHV1,17.995
20170127,ID005HB07Q1,0.2
20170127,ID005HB0GX3,0.2
20170127,ID005HB5CS3,15.872
20170127,ID005HB83R1,9.172
20170127,ID005HB9KK9,5.548
20170127,ID005HBGML6,3.0
20170127,ID005HBGN70,3.0
20170127,ID005HBGRM4,24.791
20170127,ID005HH9HZ7,571.628
20170127,ID005HJNKS8,3.835
20170127,ID005HNS6V1,69.448
20170127,ID005HNY190,0.09
20170127,ID005HP5J98,3.168
20170127,ID005HP5QJ1,0.214
20170127,ID005HQW961,67.716
20170127,ID005J40CY5,0.08
20170127,ID005J40DW5,0.844
20170127,ID005J40FG8,0.042
20170127,ID005J40H74,0.408
20170127,ID005J40HY4,0.442
20170127,ID005J40JK5,45.103
20170127,ID005JZPHQ7,210.541
20170127,ID005K11RX6,19.772
20170127,ID005KBKZ83,932.871
20170127,ID005KBL5N1,0.726
20170127,ID005KBRVH5,19.82
20170127,ID005KBRWW6,1.714
20170127,ID005KBS475,7.542
20170127,ID005KBS9M7,13.182
20170127,ID005KBSB42,7.542
20170127,ID005KBSBQ8,1.279
20170127,ID005KBSG05,259.19
20170127,ID005KDMFK7,1.266
20170127,ID005KMVVS4,141.939
20170127,ID005KMXGY8,0.638
20170127,ID005KMXK15,66.802
20170127,ID005KPWRK3,33.881
20170127,ID005KWN465,0.055
20170127,ID005KWNXW2,0.055
20170127,ID005L9CS00,50.018
20170127,ID005MB7YX1,37.518
20170127,ID005MR7TK1,66.802
20170127,ID005MWFBN7,50.0
20170127,ID005MWFBP5,50.0
20170127,ID005MWFBQ4,50.0
20170127,ID005MWFBR3,50.0
20170127,ID005MWFBS2,50.0
20170127,ID005MWFBT1,50.0
20170127,ID005MWFBW7,50.0
20170127,ID005MWFBX6,50.0
20170127,ID005MWFBY5,50.0
20170127,ID005MWM9Q1,13.087
20170127,ID005MWSGV3,210.541
20170127,ID005MX9K07,12.75
20170127,ID005MY32P4,4.194
20170127,ID005MY3452,0.0
20170127,ID005MY5K27,1.357
20170127,ID005MY5Y63,4.08
20170127,ID005MY6468,4.902
20170127,ID005MZLYY1,3.698
20170127,ID005MZQ0N2,2.2
20170127,ID005N0JM12,99.934
20170127,ID005N1L1C1,2.979
20170127,ID005N1L3V6,2.424
20170127,ID005N1M2D7,1.838
20170127,ID005N1M639,2.163
20170127,ID005N1M7C7,3.786
20170127,ID005N1M9N1,0.53
20170127,ID005N1M9V2,34.739
20170127,ID005NB99J9,31.762
20170127,ID005NB9BT3,0.001
20170127,ID005NBDS93,23.997
20170127,ID005NBF4G6,8.432
20170127,ID005NBF6C5,19.667
20170127,ID005NBF724,8.41
20170127,ID005NBFKX1,8.491
20170127,ID005NBFM76,37.898
20170127,ID005NBRJ98,4.75
20170127,ID005NCMN65,6.395
20170127,ID005NFKQN4,4.801
20170127,ID005NFKR25,3.805
20170127,ID005NFMD33,6.277
20170127,ID005NGP973,9.172
20170127,ID005NGPG04,24.791
20170127,ID005NGRTX8,27.31
20170127,ID005NL3KM4,2.983
20170127,ID005NL7BW9,514.205
20170127,ID005NQ4Y79,522.018
20170127,ID005NR9YT8,34.666
20170127,ID005NS75J2,60.438
20170127,ID005P0DSH6,3.758
20170127,ID005P36KW8,36.837
20170127,ID005P3CXX2,2.5
20170127,ID005P3YV35,2.5
20170127,ID005P7B4Q6,147.637
20170127,ID005P8LG13,8.391
20170127,ID005P9G9B2,518.125
20170127,ID005P9XQK5,201.5
20170127,ID005PD4Q37,70.163
20170127,ID005PDGN40,5219.588
20170127,ID005PFXJR0,0.341
20170127,ID005PFXKH8,160.769
20170127,ID005PFXLS4,0.012
20170127,ID005PFXN28,0.592
20170127,ID005PTLS66,149.865
20170127,ID005Q1G018,29.731
20170127,ID005Q1P6R7,14.093
20170127,ID005Q27SD2,2.789
20170127,ID005Q29WD1,400.0
20170127,ID005Q4PJC9,0.075
20170127,ID005Q4WCW4,68.578
20170127,ID005Q62TQ2,400.305
20170127,ID005Q6KRN9,9.51
20170127,ID005Q6ZLF5,151.255
20170127,ID005Q71066,18.252
20170127,ID005Q83650,6.351
20170127,ID005QKPZJ0,7.858
20170127,ID005QLP2Y4,31.788
20170127,ID005QM0H94,24.6
20170127,ID005QM14B9,24.6
20170127,ID005QN2603,2.741
20170127,ID005QN2S69,11.385
20170127,ID005SSKW49,0.99
20170127,ID005SW26S1,0.99
20170127,ID005SZHBS7,0.664
20170127,ID005T0BCM3,4.836
20170127,ID005T0DRZ4,11.801
20170127,ID005T2WC73,4.776
20170127,ID005T33KJ2,0.242
20170127,ID005T33Q18,2.417
20170127,ID005T6XFK1,19.82
20170127,ID005TJ5J17,4.75
20170127,ID005TMT6Q5,1.326
20170127,ID005TN8ZQ2,54.339
20170127,ID005TRF6P0,0.537
20170127,ID005TRF7W0,0.093
20170127,ID005TRFHQ5,0.107
20170127,ID005TRFS54,0.137
20170127,ID005TRG2S5,0.151
20170127,ID005TRGD65,0.014
20170127,ID005TRJWW1,0.022
20170127,ID005TRJXP7,0.001
20170127,ID005TRJZ45,0.389
20170127,ID005TRVW20,0.059
20170127,ID005TRW4C0,0.031
20170127,ID005TRW573,0.003
20170127,ID005TRWD94,0.005
20170127,ID005TRWFZ0,0.017
20170127,ID005TRWJM6,0.012
20170127,ID005TRWMX7,0.005
20170127,ID005TRWR66,0.02
20170127,ID005TRXPM1,1.244
20170127,ID005TY0YX1,11.964
20170127,ID005V27YH9,0.232
20170127,ID005WNCDY3,2.5
20170127,ID005WQT9N9,51.75
20170127,ID005WQTC89,17.1
20170127,ID005WQTSR3,1.279
20170127,ID005WQTWH5,34.292
20170127,ID005WQTYR0,13.182
20170127,ID005WQVFD3,7.542
20170127,ID005WQVG78,1.714
20170127,ID005WQVNF4,19.82
20170127,ID005WR6FJ3,11.801
20170127,ID005WR6MB6,13.352
20170127,ID005WR6NS6,12.972
20170127,ID005WR6QG2,0.994
20170127,ID005WR6X22,19.2
20170127,ID005WWD8T9,182.967
20170127,ID005WZ2WJ2,24.6
20170127,ID005X0FHP0,30.364
20170127,ID005X1MRH7,1.084
20170127,ID005XF8D38,0.237
20170127,ID005XGSN32,15.12
20170127,ID005XGXG86,7.4
20170127,ID005XH5XH8,10.2
20170127,ID005XH79M3,1.1
20170127,ID005XHDPB2,12.857
20170127,ID005XHKB70,5.132
20170127,ID005XHM6R7,1.798
20170127,ID005XHMQS2,0.01
20170127,ID005XV6W42,112.977
20170127,ID005XVHPT8,0.2
20170127,ID005XWPV41,3.0
20170127,ID005XWQ084,1.798
20170127,ID005XWQ2G1,5.132
20170127,ID005XWQ4Z6,12.857
20170127,ID005XWQ6G2,1.778
20170127,ID005XWQ7H9,1.1
20170127,ID005XWQ832,10.2
20170127,ID005XWQ8P8,8.21
20170127,ID005YKF517,242.402
20170127,ID005YPF9J9,116.957
20170127,ID005YQ69J7,0.144
20170127,ID005YVT6B5,51.948
20170127,ID005YXXLD1,64.858
20170127,ID005Z1RLK9,2188.833
20170127,ID005ZCRJ75,284.889
20170127,ID005ZP9004,4.836
20170127,ID005ZPDBX9,1.084
20170127,ID005ZPDD56,1.084
20170127,ID005ZPDWV5,0.555
20170127,ID005ZSQ1N2,465.4
20170127,ID005ZT1ZC4,2.7
20170127,ID005ZT2DT4,2.7
20170127,ID005ZV4ST4,2.555
20170127,ID00609JYC8,126.133
20170127,ID00609ZGZ4,28.07
20170127,ID0060CFZQ7,210.25
20170127,ID0060F5XZ6,349.528
20170127,ID0060FNPY4,486.594
20170127,ID0060MBR69,500.0
20170127,ID00614JM16,19.462
20170127,ID006239PX6,175.384
20170127,ID006239W98,0.235
20170127,ID006286W81,0.013
20170127,ID006292BQ9,1.93
20170127,ID0062971T3,2.758
20170127,ID0062972G5,0.151
20170127,ID006297300,0.01
20170127,ID006297FR4,0.018
20170127,ID00639PH26,0.026
20170127,ID00639ZL71,1123.267
20170127,ID0063F8XW3,28.74
20170127,ID0063G48X9,13.6
20170127,ID0063JCFZ6,44.787
20170127,ID0063MJVB3,5.986
20170127,ID00640WYC8,206.591
20170127,ID00645QMM9,200.352
20170127,ID00645WT47,1.965
20170127,ID0064M4KZ6,86.022
20170127,ID0064NZPR8,563.445
20170127,ID0064SWKR1,2.7
20170127,ID00658GSS4,54.272
20170127,ID0065XJJ79,299.804
20170127,ID0065XKXP6,99.773
20170127,ID00662XL84,198.279
20170127,ID00662ZYN7,182.967
20170127,ID0066698C6,14.623
20170127,ID00667G7N6,0.237
20170127,ID0066FK9G7,4.275
20170127,ID0066HJTL5,130.0
20170127,ID0066JKVP0,35.421
20170127,ID0067D22R4,15.57
20170127,ID0067F84S8,34.219
20170127,ID0067S6N55,334.851
20170127,ID0067TKTN4,95.506
20170127,ID0067TSZJ7,17.449
20170127,ID006887SY4,6.612
20170127,ID0068DSYT3,3.592
20170127,ID0068KF0L3,0.186
20170127,ID0068KH4H8,1.805
20170127,ID0068KH6P4,16.543
20170127,ID0068KHJW8,0.44
20170127,ID0068N6D75,6.576
20170127,ID0068R6V12,22.158
20170127,ID0068R6WK9,130.017
20170127,ID0068RS2R4,0.216
20170127,ID0068RS310,3.848
20170127,ID0068SHCM7,2.482
20170127,ID0068SHK21,6.777
20170127,ID0068SHPL9,6.36
20170127,ID0068SJ5V0,0.99
20170127,ID006980W17,617.139
20170127,ID0069C79M9,75.766
20170127,ID0069F89M1,0.198
20170127,ID0069F8BV6,0.026
20170127,ID0069F8C99,0.664
20170127,ID0069GK7B1,17.981
20170127,ID0069HWYH1,71.939
20170127,ID0069KHL16,34.949
20170127,ID0069NNMX6,0.024
20170127,ID0069NS434,0.7
20170127,ID0069PJCG7,43.783
20170127,ID006B5XMD3,1.495
20170127,ID006B5XP37,4.841
20170127,ID006B5Y0N9,0.974
20170127,ID006B61H74,1.384
20170127,ID006B6DMV3,1.658
20170127,ID006B70NV3,183.946
20170127,ID006B8QQK8,183.946
20170127,ID006B8T638,0.2
20170127,ID006B8TG54,0.2
20170127,ID006B8TKQ2,1.7
20170127,ID006B8VCV1,7.875
20170127,ID006BFD6C9,1.805
20170127,ID006BFDSC1,1.805
20170127,ID006BFM5S4,15.2
20170127,ID006BFNJZ5,15.2
20170127,ID006BFTP67,24.781
20170127,ID006BGKWY8,0.126
20170127,ID006BGKXN8,23.325
20170127,ID006BGKXT2,1.225
20170127,ID006BGKYV7,92.299
20170127,ID006BGKZ08,6.777
20170127,ID006BGKZ44,2.332
20170127,ID006BGKZ99,2.482
20170127,ID006BGKZF2,0.709
20170127,ID006BGMN58,101.848
20170127,ID006BJ4926,0.96
20170127,ID006BKLPJ0,8.036
20170127,ID006BL35B0,12.256
20170127,ID006BNH6T0,25.72
20170127,ID006BRBRJ2,6.441
20170127,ID006C09QR6,1.0
20170127,ID006C0B8B0,34.949
20170127,ID006CZRWC2,3.277
20170127,ID006CZRXC0,0.526
20170127,ID006CZRXT2,0.008
20170127,ID006CZS353,0.001
20170127,ID006CZS399,0.227
20170127,ID006CZS3F2,0.253
20170127,ID006CZS3N3,7.49
20170127,ID006CZS3X2,0.0
20170127,ID006CZS479,0.083
20170127,ID006CZS4C3,0.013
20170127,ID006CZS4H8,0.715
20170127,ID006CZS4M2,0.174
20170127,ID006CZS4R7,0.917
20170127,ID006D88KL8,340.845
20170127,ID006F2PBT2,65.4
20170127,ID006F3DF78,1.766
20170127,ID006F52559,6.612
20170127,ID006F529Z8,5.099
20170127,ID006F8Q0X7,45.855
20170127,ID006F8SHB2,0.617
20170127,ID006FCV2N9,272.044
20170127,ID006FT2227,0.216
20170127,ID006FT2469,3.848
20170127,ID006G1D145,3.516
20170127,ID006G22DX7,1.495
20170127,ID006G22KJ7,4.841
20170127,ID006G231B6,0.974
20170127,ID006G238X7,1.384
20170127,ID006G23RF5,0.06
20170127,ID006G25BB2,0.557
20170127,ID006G26DS9,5.118
20170127,ID006G27LZ2,6.184
20170127,ID006G3K642,43.078
20170127,ID006G41Q38,25.514
20170127,ID006G4LGZ3,49.031
20170127,ID006G4QPW1,12.076
20170127,ID006GNJH82,1.829
20170127,ID006GNK639,16.543
20170127,ID006GNK8Y1,13.671
20170127,ID006GS1S68,34.444
20170127,ID006GS6NZ2,45.35
20170127,ID006GSRFZ6,117.388
20170127,ID006H0YXJ7,23.919
20170127,ID006H1RJZ6,2.38
20170127,ID006H1RMN2,2.38
20170127,ID006H1RQ35,2.38
20170127,ID006H1RRY9,4.107
20170127,ID006H1RTM8,4.107
20170127,ID006H1RX12,4.107
20170127,ID006H58MN4,160.531
20170127,ID006HB9MY8,7.958
20170127,ID006HCZ397,11.203
20170127,ID006HGLCL9,12.7
20170127,ID006HGLK04,12.7
20170127,ID006HGS528,0.6
20170127,ID006HGVJ24,0.6
20170127,ID006JC54T4,170.859
20170127,ID006JD53B3,3.806
20170127,ID006JD69M7,0.696
20170127,ID006JNTFK8,103.969
20170127,ID006JNVQX7,184.829
20170127,ID006JX1DM9,82.095
20170127,ID006K4W3R4,57.357
20170127,ID006K4W6M2,1000.0
20170127,ID006K4WHT1,418.116
20170127,ID006K56HG1,0.988
20170127,ID006K56ZP1,1.001
20170127,ID006K5CZJ1,1.66
20170127,ID006K65VP9,0.641
20170127,ID006K66NB1,0.457
20170127,ID006K67X82,0.862
20170127,ID006K6YBS8,100.5
20170127,ID006K887J2,1.095
20170127,ID006K8FK87,1.038
20170127,ID006K8GGX7,2.164
20170127,ID006K8HRV4,0.587
20170127,ID006K8JH35,0.172
20170127,ID006K8K272,0.762
20170127,ID006K8KK09,0.257
20170127,ID006K8KY09,0.315
20170127,ID006K8W108,1.572
20170127,ID006KCQPS3,70.0
20170127,ID006KCRYF7,43.083
20170127,ID006KCSDK6,160.077
20170127,ID006KDQRL4,1.44
20170127,ID006KDRQL5,10.118
20170127,ID006KDX892,6.537
20170127,ID006KDXWY1,0.068
20170127,ID006KDY7B0,16.227
20170127,ID006KDYPF6,59.857
20170127,ID006KDZMK6,209.216
20170127,ID006KDZMR9,494.079
20170127,ID006KDZNJ6,216.571
20170127,ID006KDZNY9,225.292
20170127,ID006KDZPJ1,772.913
20170127,ID006KDZPQ3,112.804
20170127,ID006KDZQH1,223.931
20170127,ID006KDZWM2,5.198
20170127,ID006KF0K96,2.198
20170127,ID006KGGBL3,172.658
20170127,ID006KJB1Y0,10.118
20170127,ID006KJB526,16.227
20170127,ID006KJB5Z0,0.08
20170127,ID006KJB8J2,0.545
20170127,ID006KJBD47,0.331
20170127,ID006KJBH84,0.06
20170127,ID006KJBNM5,0.282
20170127,ID006KJC650,0.24
20170127,ID006KJCTV1,0.152
20170127,ID006KJDCJ1,0.226
20170127,ID006KJR4N9,151.332
20170127,ID006KY40Q6,74.861
20170127,ID006KZCX00,183.946
20170127,ID006KZCZ50,8.027
20170127,ID006KZCZX9,11.203
20170127,ID006KZD056,2.5
20170127,ID006L2P5V5,19.124
20170127,ID006LB95X1,4.85
20170127,ID006LXBVD5,122.01
20170127,ID006LXW5X7,0.267
20170127,ID006LZ6BM0,0.02
20170127,ID006M07LF1,0.0
20170127,ID006M0GP44,0.0
20170127,ID006M290K5,0.001
20170127,ID006M2GDC8,0.002
20170127,ID006M2GS53,0.0
20170127,ID006M2GTT5,0.001
20170127,ID006M2HBK2,0.003
20170127,ID006M2HDZ2,0.002
20170127,ID006M2HND4,0.005
20170127,ID006M2HQH3,0.0
20170127,ID006M2HV64,0.0
20170127,ID006M2J6S3,0.0
20170127,ID006M2JHZ1,0.004
20170127,ID006M3BCG9,205.474
20170127,ID006MFN039,132.75
20170127,ID006MFP206,70.0
20170127,ID006MFP386,70.0
20170127,ID006MFP439,70.0
20170127,ID006MHTRQ5,46.642
20170127,ID006MJ7TP2,46.642
20170127,ID006MJ84N8,11.438
20170127,ID006MJ8BR8,11.438
20170127,ID006MJCPC8,6.05
20170127,ID006MKPR55,195.0
20170127,ID006ML1TX4,1.805
20170127,ID006ML67K1,0.53
20170127,ID006ML7BJ3,0.432
20170127,ID006ML8PM7,0.34
20170127,ID006MLGCQ3,0.08
20170127,ID006MLGL01,0.186
20170127,ID006MLH8J9,0.653
20170127,ID006MLX0J8,2.55
20170127,ID006MLXSY0,8.45
20170127,ID006MLXVG3,4.148
20170127,ID006MM96N5,46.535
20170127,ID006MMKD57,60.622
20170127,ID006N4MY12,0.664
20170127,ID006N4MZX4,0.232
20170127,ID006N6HNN3,0.16
20170127,ID006N6HZ10,1.306
20170127,ID006N6J2S2,0.566
20170127,ID006N6TMC4,0.007
20170127,ID006N71KP2,0.276
20170127,ID006N7P971,0.039
20170127,ID006N7PN70,0.022
20170127,ID006N7RSP7,0.008
20170127,ID006N7SJG6,0.018
20170127,ID006N7SJX7,3.44
20170127,ID006N7SQM3,0.681
20170127,ID006N9S3R5,132.347
20170127,ID006NBDVF7,34.444
20170127,ID006NBDWQ3,34.444
20170127,ID006NBDZD0,10.095
20170127,ID006NBF107,10.095
20170127,ID006NBXCW8,22.491
20170127,ID006NBXDW6,2.38
20170127,ID006NBXF79,2.38
20170127,ID006NCL4N7,12.33
20170127,ID006NCLM02,107.518
20170127,ID006ND5B57,40.505
20170127,ID006NG2D86,42.293
20170127,ID006NKYRR0,60.061
20170127,ID006NSKTL0,0.026
20170127,ID006NXG3X8,35.053
20170127,ID006PWYQS3,0.001
20170127,ID006PWZ2L2,0.008
20170127,ID006PWZ5P1,0.018
20170127,ID006PWZ919,0.681
20170127,ID006Q0SKF6,0.004
20170127,ID006Q0TY74,2.55
20170127,ID006Q0TZQ0,8.45
20170127,ID006Q0V1P3,34.444
20170127,ID006Q34JC2,0.151
20170127,ID006Q34LM6,0.017
20170127,ID006Q34MM4,0.434
20170127,ID006Q34PQ3,3.376
20170127,ID006Q34R89,0.045
20170127,ID006Q34S78,0.044
20170127,ID006Q44QK5,14.878
20170127,ID006Q4HWL7,11.06
20170127,ID006Q7MTZ6,0.202
20170127,ID006Q7RBC5,0.202
20170127,ID006Q7S3Y8,0.51
20170127,ID006Q7SNN6,0.51
20170127,ID006Q7WC55,0.076
20170127,ID006Q7WFB1,0.774
20170127,ID006Q7XW05,2.543
20170127,ID006Q7YWG7,1.153
20170127,ID006Q821M1,3.262
20170127,ID006Q835F9,12.328
20170127,ID006Q843Q1,6.41
20170127,ID006Q8BT59,3.77
20170127,ID006Q8N273,0.613
20170127,ID006Q8N9N0,0.114
20170127,ID006Q8PCG9,0.452
20170127,ID006Q8PDN9,0.731
20170127,ID006Q8PGR8,0.61
20170127,ID006Q8PJT0,0.04
20170127,ID006Q8PKX2,0.039
20170127,ID006QQWTF5,205.273
20170127,ID006QRB8Y1,3.681
20170127,ID006QRCM06,137.131
20170127,ID006QRDX01,121.656
20170127,ID006QSNH12,75.155
20170127,ID006QVDFQ3,247.774
20170127,ID006QVMLB6,24.126
20170127,ID006QVT187,36.303
20170127,ID006R5KVT3,0.53
20170127,ID006R5KWP5,13.277
20170127,ID006R7PXD7,271.662
20170127,ID006R9FM11,37.81
20170127,ID006R9KYD6,0.012
20170127,ID006R9L030,0.106
20170127,ID006R9L1F5,0.01
20170127,ID006R9L6S0,0.015
20170127,ID006RCB7Y5,86.485
20170127,ID006RX1930,48.943
20170127,ID006RZ8HG6,10.383
20170127,ID006S543P6,401.081
20170127,ID006S9TZ16,154.076
20170127,ID006S9WDD8,21.909
20170127,ID006S9WJ63,20.335
20170127,ID006S9WPZ7,30.026
20170127,ID006S9WQX7,30.026
20170127,ID006SXBR83,10.473
20170127,ID006SXC269,46.256
20170127,ID006SXF4W3,64.828
20170127,ID006T4JPC7,0.042
20170127,ID006T4JRN1,0.408
20170127,ID006T4JTC9,0.08
20170127,ID006T4JV52,0.844
20170127,ID006TDRZM5,274.621
20170127,ID006TKZCY8,475.166
20170127,ID006TLDFV6,11.331
20170127,ID006TLM9Y7,104.0
20170127,ID006TLMDN0,3065.71
20170127,ID006TLMNY6,44.957
20170127,ID006TLMQ42,107.895
20170127,ID006TLMQL3,271.981
20170127,ID006TLMQT5,5.889
20170127,ID006TLN8C2,10105.05
20170127,ID006TLN9J3,17.131
20170127,ID006TLN9R4,33.541
20170127,ID006TLN9Z5,21.0
20170127,ID006TLNBP1,252.0
20170127,ID006TLNC42,338.025
20170127,ID006TLNCC3,1289.055
20170127,ID006TLNCM2,10.143
20170127,ID006TLNCW1,46.024
20170127,ID006TLND31,217.575
20170127,ID006TLNDK2,529.962
20170127,ID006TLNFX3,154.5
20170127,ID006TLNGD3,1671.23
20170127,ID006TLNH32,48.85
20170127,ID006TLNJ83,395.793
20170127,ID006TLNKX2,16.368
20170127,ID006TLNL42,1333.763
20170127,ID006TLNM86,81.31
20170127,ID006TLNMH6,118.858
20170127,ID006TLNN75,203.221
20170127,ID006TLNNG5,775.203
20170127,ID006TLNPD3,17.892
20170127,ID006TLNPM3,339.496
20170127,ID006TLNPV3,7.4
20170127,ID006TLNSH3,2849.73
20170127,ID006TLNVJ4,606.705
20170127,ID006TLNVV0,198.0
20170127,ID006TLNW93,2383.388
20170127,ID006TLNWJ2,141.221
20170127,ID006TLNWZ4,1723.179
20170127,ID006TLP0K8,96.0
20170127,ID006TLP5L6,15.044
20170127,ID006TLP5T8,52.119
20170127,ID006TLP616,53.946
20170127,ID006TLP6D3,468.818
20170127,ID006TLP796,1240.916
20170127,ID006TLP7P8,337.481
20170127,ID006TLP821,120.862
20170127,ID006TLP965,292.979
20170127,ID006TLPBM2,78.818
20170127,ID006TLPL95,34.601
20170127,ID006TLPM20,3656.538
20170127,ID006TLPMZ4,716.587
20170127,ID006TLPP96,63.36
20170127,ID006TLPPS5,644.45
20170127,ID006TLPRP4,429.8
20170127,ID006TLPSG2,179.878
20170127,ID006TLPSQ1,133.052
20170127,ID006TLPT52,137.23
20170127,ID006TLPTM3,616.621
20170127,ID006TLPV20,2340.825
20170127,ID006TLPW00,266.509
20170127,ID006TLPWG3,84.0
20170127,ID006TLPZ94,92.434
20170127,ID006TLPZR4,128.061
20170127,ID006TLQ009,1361.688
20170127,ID006TLQ072,307.222
20170127,ID006TLQ0G2,547.208
20170127,ID006TLQ474,192.495
20170127,ID006TLQ4G4,90.424
20170127,ID006TLQ5Q0,31.4
20170127,ID006TLQ5Y1,45.906
20170127,ID006TLQ660,9.975
20170127,ID006TLQ6Q8,36.504
20170127,ID006TLQ7Q6,1317.456
20170127,ID006TLQ8M8,853.66
20170127,ID006TLQ928,397.649
20170127,ID006TLQ9R1,11.545
20170127,ID006TLQ9Z2,14.771
20170127,ID006TLQGS4,70.049
20170127,ID006TLQH02,120.597
20170127,ID006TLQHG5,198.417
20170127,ID006TLQHP5,257.438
20170127,ID006TLQJD4,1705.451
20170127,ID006TLQKD1,64.3
20170127,ID006TLQKW0,1218.161
20170127,ID006TLQLK1,16.0
20170127,ID006TLQLS3,70.4
20170127,ID006TLQMZ3,453.734
20170127,ID006TLQNW4,975.956
20170127,ID006TLQPS4,24.451
20170127,ID006TLR1G9,38.747
20170127,ID006TLR3V8,57.238
20170127,ID006TLR4S0,3578.264
20170127,ID006TLR5Y0,191.4
20170127,ID006TLRB95,1245.043
20170127,ID006TLRBZ6,99.75
20170127,ID006TLRMM6,31.593
20170127,ID006TLRN99,6.6
20170127,ID006TLRP12,91.523
20170127,ID006TLRPR4,26.55
20170127,ID006TLRPZ5,32.669
20170127,ID006TLRQY4,292.977
20170127,ID006TLRRF3,22.27
20170127,ID006TLRSL4,383.354
20170127,ID006TLRWB6,1069.495
20170127,ID006TLRXN1,20.0
20170127,ID006TLRY22,599.875
20170127,ID006TLRYJ4,1373.047
20170127,ID006TLRZF5,2757.138
20170127,ID006TLS0T6,1102.752
20170127,ID006TLS748,109.335
20170127,ID006TLS882,1872.821
20170127,ID006TLS8J0,29.16
20170127,ID006TLS971,52.0
20170127,ID006TLS9P1,535.105
20170127,ID006TLSC10,766.736
20170127,ID006TLSCS1,1325.225
20170127,ID006TLSL65,4049.952
20170127,ID006TLSLV7,96.982
20170127,ID006TLSM90,31.862
20170127,ID006TLSNF1,256.256
20170127,ID006TLSPV8,539.0
20170127,ID006TLSSM2,327.273
20170127,ID006TLSSW1,4102.353
20170127,ID006TLSVH1,67.553
20170127,ID006TLSX05,2453.053
20170127,ID006TLSX96,117.057
20170127,ID006TLSXK3,83.956
20170127,ID006TLSYP6,9.868
20170127,ID006TLT088,442.805
20170127,ID006TLT168,49.345
20170127,ID006TLT1Y7,233.0
20170127,ID006TLT257,15.697
20170127,ID006TLTFF7,15.082
20170127,ID006TLTG92,224.376
20170127,ID006TLTGT0,1477.041
20170127,ID006TLTH81,183.023
20170127,ID006TLTHH1,11.37
20170127,ID006TLTL19,43.559
20170127,ID006TLTL82,39.819
20170127,ID006TLTLH2,66.962
20170127,ID006TLTLY3,424.192
20170127,ID006TLV2V5,45.361
20170127,ID006TLV6T9,60.097
20170127,ID006TLVMV1,213.471
20170127,ID006TLVNC0,6.152
20170127,ID006TLVNT2,16.0
20170127,ID006TLVQW1,122.342
20170127,ID006TLVR31,4983.166
20170127,ID006TLVVV1,441.244
20170127,ID006TLVY36,30.367
20170127,ID006TLVZR7,34.7
20170127,ID006TLW0N7,79.0
20170127,ID006TLW379,62.342
20170127,ID006TLW3G9,650.546
20170127,ID006TLW3P9,1455.4
20170127,ID006TLW5K9,11.861
20170127,ID006TLW5S1,55.283
20170127,ID006TLW672,204.183
20170127,ID006TLW8Z7,1666.666
20170127,ID006TLW9N8,640.515
20170127,ID006TLWB35,1132.006
20170127,ID006TLWC06,129.813
20170127,ID006TLWCG9,146.499
20170127,ID006TLWF18,65.61
20170127,ID006TLWF81,252.798
20170127,ID006TLWHL2,2974.555
20170127,ID006TLWJ10,664.5
20170127,ID006TLWJH3,1501.458
20170127,ID006TLWJQ3,4330.085
20170127,ID006TLWLK4,771.831
20170127,ID006TLWNV8,1607.018
20170127,ID006TLWQB3,28.63
20170127,ID006TLWYB6,587.038
20170127,ID006TLWYS8,714.903
20170127,ID006TLWZY8,824.112
20170127,ID006TLX056,205.0
20170127,ID006TLX0N6,689.36
20170127,ID006TLX0W6,951.816
20170127,ID006TLX207,341.191
20170127,ID006TLX270,170.234
20170127,ID006TLX2P0,248.033
20170127,ID006TLX2X1,221.545
20170127,ID006TLX3L2,1854.961
20170127,ID006TLX494,174.949
20170127,ID006TLX4R4,15.967
20170127,ID006TLX5F4,52.153
20170127,ID006TLX5N5,70.14
20170127,ID006TLX5W5,1079.41
20170127,ID006TLX6C5,1583.831
20170127,ID006TLX6V4,5022.303
20170127,ID006TLX7J6,285.474
20170127,ID006TLX8Y7,318.491
20170127,ID006TLX957,117.527
20170127,ID006TLXB25,33.085
20170127,ID006TLXB98,123.566
20170127,ID006TLXBR8,842.445
20170127,ID006TLXCG8,101.741
20170127,ID006TLXD49,5.62
20170127,ID006TLXDW8,947.599
20170127,ID006TLXFC5,273.218
20170127,ID006TLXGT5,7.061
20170127,ID006TLXH13,43.5
20170127,ID006TLXH86,1544.412
20170127,ID006TLXJ19,8.385
20170127,ID006TLXRV8,200.006
20170127,ID006TPN4L2,54.765
20170127,ID006VTGCX8,2.5
20170127,ID006VTKMQ9,8.316
20170127,ID006VTLB55,0.2
20170127,ID006VTLC17,15.2
20170127,ID006VTLXZ4,183.946
20170127,ID006VTLZ07,4.801
20170127,ID006VTM012,3.805
20170127,ID006VTM0H5,183.946
20170127,ID006W2ZC65,40.284
20170127,ID006W3Z489,0.53
20170127,ID006W3Z4J7,0.53
20170127,ID006WQQNX8,110.799
20170127,ID006WTP606,9.631
20170127,ID006WVGXQ4,0.12
20170127,ID006WVHQW1,0.868
20170127,ID006WVJ1N4,0.139
20170127,ID006WVJDM9,0.148
20170127,ID006WX4H97,47.043
20170127,ID006WX6GN1,0.148
20170127,ID006X0TY58,304.183
20170127,ID006X0TYS3,725.652
20170127,ID006X1DWG5,10.605
20170127,ID006XJ6FM4,103.84
20170127,ID006XK4Y51,3.035
20170127,ID006XR37H3,26.942
20170127,ID006XSFQ95,13.11
20170127,ID006XZ6G37,37.433
20170127,ID006YFN919,0.071
20170127,ID006YFPM81,7.519
20170127,ID006YFQVM4,0.218
20170127,ID006YFRPF4,1.009
20170127,ID006YFYN70,0.868
20170127,ID006YG0716,0.148
20170127,ID006YG2GS5,0.615
20170127,ID006YG3TV2,0.55
20170127,ID006YRH8C0,31.899
20170127,ID006YWM398,1.14
20170127,ID0070Q7GF7,77.691
20170127,ID0070Q7KP7,9.142
20170127,ID0070Q9KC9,43.832
20170127,ID007171S77,2.669
20170127,ID0071DYZ63,6.05
20170127,ID0071DYZF3,6.05
20170127,ID0071DYZV5,0.8
20170127,ID0071DZ023,1.1
20170127,ID0071DZ0B3,20.2
20170127,ID0071DZ0K3,0.3
20170127,ID0071DZ1S3,2.543
20170127,ID0071DZ201,1.767
20170127,ID0071DZ274,4.479
20170127,ID0071DZ2G4,1.153
20170127,ID0071DZ345,3.262
20170127,ID0071DZ3C6,3.77
20170127,ID0071DZ3T8,12.328
20170127,ID0071DZ416,0.99
20170127,ID0071DZ461,2.543
20170127,ID0071DZ4C4,1.153
20170127,ID0071DZ4J7,4.836
20170127,ID0071DZ4P0,4.3
20170127,ID0071DZ4V3,2.204
20170127,ID0071DZ522,4.009
20170127,ID0071DZ595,3.262
20170127,ID0071DZ5G7,0.464
20170127,ID0071DZ5M0,12.328
20170127,ID0071DZ5T3,0.346
20170127,ID0071DZ5Z6,6.355
20170127,ID0071DZ648,0.134
20170127,ID0071DZ693,6.41
20170127,ID0071DZ6J2,3.77
20170127,ID0071DZ6R3,0.613
20170127,ID0071DZ6X6,0.114
20170127,ID0071DZ728,0.452
20170127,ID0071DZ773,4.556
20170127,ID0071DZ7D6,0.731
20170127,ID0071DZ7K8,0.61
20170127,ID0071DZ7Q2,0.04
20170127,ID0071DZ7W5,4.951
20170127,ID0071DZ817,0.039
20170127,ID0071DZ862,21.909
20170127,ID0071DZ8C5,4.902
20170127,ID0071FG0K9,18.419
20170127,ID0071FJDL7,18.419
20170127,ID0071KRZK9,0.278
20170127,ID0071KSMH1,0.399
20170127,ID0071M6720,32.651
20170127,ID0071N1Y97,2.789
20170127,ID0071N7843,12.7
20170127,ID0071N79C2,0.6
20170127,ID0071N8W21,2.496
20170127,ID007279HS9,3.113
20170127,ID0072BNTM4,141.045
20170127,ID0072BYYX9,14.539
20170127,ID0072CJFV7,11.771
20170127,ID0072G6PT3,0.399
20170127,ID0072G6QC9,0.399
20170127,ID00732FZ39,0.5
20170127,ID00732GF96,0.5
20170127,ID00732K0D9,37.281
20170127,ID00736SD08,20.0
20170127,ID00737YF31,2.524
20170127,ID00737YLK9,0.785
20170127,ID00737YNX1,3.155
20170127,ID00737ZM17,5.678
20170127,ID00739K277,138.512
20170127,ID0073CFLW6,363.75
20170127,ID0073DKYZ7,4.107
20170127,ID0073DPHW2,4.476
20170127,ID0073DYV15,1.44
20170127,ID0073DZYG2,1.766
20170127,ID0073XLZW2,2495.277
20170127,ID0073XZP22,19.681
20170127,ID0073Y09R7,19.681
20170127,ID0073Y0J77,19.681
20170127,ID00740SHH3,1.404
20170127,ID00740SMM6,1.404
20170127,ID00747YTK1,0.425
20170127,ID00747YX04,1.85
20170127,ID00747YY48,2.775
20170127,ID00747YY93,0.68
20170127,ID00747YYG5,5.58
20170127,ID00747YYR3,1.04
20170127,ID00747YZ18,0.93
20170127,ID00747YZS9,2.535
20170127,ID00747YZY2,0.255
20170127,ID00747Z041,1.65
20170127,ID00747Z0H7,3.75
20170127,ID00747Z0M1,3.55
20170127,ID00747Z0V1,1.8
20170127,ID00747Z103,1.724
20170127,ID00747Z149,6.3
20170127,ID00747Z194,11.924
20170127,ID00747Z1F7,3.51
20170127,ID00747Z1Z5,0.371
20170127,ID00747Z2G4,0.359
20170127,ID00747Z2L8,1.704
20170127,ID00747ZR97,0.006
20170127,ID00747ZXW8,0.006
20170127,ID0074806Z0,0.014
20170127,ID0074810H2,0.014
20170127,ID007481322,0.005
20170127,ID0074822G8,0.005
20170127,ID0074829R1,0.005
20170127,ID007482CQ5,0.005
20170127,ID00749CBM8,0.114
20170127,ID00749FXL8,0.114
20170127,ID00749GDY7,0.941
20170127,ID00749KL83,0.064
20170127,ID00749NL08,0.025
20170127,ID00749NN77,0.011
20170127,ID00749TF50,0.011
20170127,ID0074FKYW4,4.476
20170127,ID0074FPP85,4.476
20170127,ID0074FTVJ6,2.524
20170127,ID0074FVBX1,0.785
20170127,ID0074FVPX0,3.155
20170127,ID0074H79L2,183.732
20170127,ID0074J6GY9,0.033
20170127,ID0074J6ZZ6,0.033
20170127,ID0074JB1S3,0.941
20170127,ID0074NP1S9,17.355
20170127,ID0074S4SY5,11.085
20170127,ID007625MQ1,2.341
20170127,ID0076D9B87,8.45
20170127,ID0076D9D01,30.026
20170127,ID0076LSJK7,37.399
20170127,ID0076SF3Z5,0.73
20170127,ID0076WYY69,14.299
20170127,ID0077H9G77,837.634
20170127,ID0077NCV86,0.068
20170127,ID0077NPFK3,0.629
20170127,ID0077NPNR9,0.629
20170127,ID0077NPPV9,10.42
20170127,ID0077NPWM4,10.445
20170127,ID0077NQ374,1.55
20170127,ID0077NQ4Q1,1.55
20170127,ID0077QRHG5,2.0
20170127,ID0077QRHH4,1.4
20170127,ID0077QRHJ2,0.5
20170127,ID0077QRHK0,0.5
20170127,ID0077QRHL9,6.0
20170127,ID0077QRHM8,0.5
20170127,ID0077QRHQ4,0.5
20170127,ID0077QRHS2,0.5
20170127,ID0077QRHT1,1.4
20170127,ID0077QRHV8,1.4
20170127,ID0077QRHW7,770.0
20170127,ID0077QRHX6,0.5
20170127,ID0077QSQ74,0.4
20170127,ID0077QSQ83,0.4
20170127,ID0077QSQ92,0.4
20170127,ID0077QSQB9,0.4
20170127,ID0077QSQC8,0.4
20170127,ID0077QSQD7,0.4
20170127,ID0077QSQF5,1.6
20170127,ID0077S54P4,1.3
20170127,ID0077S6MQ2,6.3
20170127,ID0077S6RF3,1.4
20170127,ID0077S9LY2,2.65
20170127,ID0077SCQG7,0.053
20170127,ID0077VSMR0,0.284
20170127,ID0077VX8J4,1.927
20170127,ID0077VXVM9,0.403
20170127,ID0077VY689,0.274
20170127,ID0077VYFH9,1.142
20170127,ID0077VYM39,1.311
20170127,ID00780KG07,4.932
20170127,ID00780PT59,6.4
20170127,ID00781CMV7,6.34
20170127,ID00781CYX9,0.32
20170127,ID00781DMK8,4.537
20170127,ID00781DQL8,2.655
20170127,ID00781DTL2,0.15
20170127,ID0078NN8X6,0.111
20170127,ID0078NPHG3,0.284
20170127,ID0078NPJY9,21.275
20170127,ID0078NPKM9,0.906
20170127,ID0078NPLF5,1.98
20170127,ID0078NPM36,4.135
20170127,ID0078NQ9J7,8.0
20170127,ID0078NQWQ8,8.0
20170127,ID0078NSF10,6.2
20170127,ID0078NT8G9,6.2
20170127,ID0078NTR68,39.6
20170127,ID0078NVDY5,39.6
20170127,ID0078NVGP8,4.2
20170127,ID0078NVYQ8,4.2
20170127,ID0078S4QJ2,24.103
20170127,ID0078S6PF6,3.419
20170127,ID0078VY5Z0,3.642
20170127,ID0078VY7V0,3.642
20170127,ID0078XTN56,13.305
20170127,ID0078YTS26,91.751
20170127,ID00790R9Q7,140.167
20170127,ID007936GV2,3850.766
20170127,ID00793G279,1527.966
20170127,ID0079PNC25,1.084
20170127,ID0079S5T86,1.766
20170127,ID007B01YV1,113.995
20170127,ID007BBTM43,0.629
20170127,ID007BBTMQ9,10.445
20170127,ID007BBTN05,1.55
20170127,ID007BBVBF2,3.302
20170127,ID007BLDPJ5,65.6
20170127,ID007BNBQY4,1.0
20170127,ID007BNC640,1.0
20170127,ID007BT67N1,571.385
20170127,ID007DJ6RN7,472.807
20170127,ID007DJM2M5,2.86
20170127,ID007DLBVP5,4.479
20170127,ID007DM9788,14.661
20170127,ID007F4D585,115.241
20170127,ID007F4FP07,2.55
20170127,ID007F4JJ98,0.845
20170127,ID007F4JK31,2.925
20170127,ID007F4JL57,2.805
20170127,ID007F86RT3,3.1
20170127,ID007F87R94,3.1
20170127,ID007F87XL7,3.1
20170127,ID007F87YJ8,3.1
20170127,ID007F87YQ0,3.1
20170127,ID007F9TWR7,141.16
20170127,ID007FCPZ60,50.51
20170127,ID007FCQTN4,780.247
20170127,ID007FJLZ87,2495.277
20170127,ID007FJLZL2,408.23
20170127,ID007FJM0T0,47.571
20170127,ID007FJM118,31.368
20170127,ID007FJM1K7,101.916
20170127,ID007FJM1S9,577.441
20170127,ID007FJM207,1015.0
20170127,ID007FJM270,92.466
20170127,ID007FJM2G0,3217.188
20170127,ID007FJM2Q9,18.6
20170127,ID007FJM2Z9,37.386
20170127,ID007FJM369,18.176
20170127,ID007FJM3F9,6.8
20170127,ID007FJM3N0,38.85
20170127,ID007FJM3W0,99.773
20170127,ID007FJM430,171.851
20170127,ID007FJM4B1,200.001
20170127,ID007FJM4K1,52.431
20170127,ID007FJM4S3,174.75
20170127,ID007FJM519,964.299
20170127,ID007FJM582,57.438
20170127,ID007FJM5H2,174.575
20170127,ID007FJM5Q2,127.08
20170127,ID007FJM5Z2,164.439
20170127,ID007FJM671,146.863
20170127,ID007FJM6G1,177.282
20170127,ID007FJM6P1,221.517
20170127,ID007FJM7C3,152.241
20170127,ID007FJMXB7,201.473
20170127,ID007FJMXK7,220.061
20170127,ID007FJMY52,31.91
20170127,ID007FJMYG0,119.402
20170127,ID007FJMYQ9,167.224
20170127,ID007FJMZ86,311.237
20170127,ID007FJMZR5,15.506
20170127,ID007FJN000,53.219
20170127,ID007FJN082,92.0
20170127,ID007FJN0H2,126.432
20170127,ID007FJN0Q2,38.5
20170127,ID007FJN171,7.744
20170127,ID007FJN1G1,6.436
20170127,ID007FJN1P1,466.34
20170127,ID007FJN1X2,14.896
20170127,ID007FJN242,466.0
20170127,ID007FJN2C3,108.79
20170127,ID007FJN2L3,104.689
20170127,ID007FJN2T5,63.188
20170127,ID007FJN331,247.256
20170127,ID007FJN3B2,300.219
20170127,ID007FJN3K2,2846.105
20170127,ID007FJN3S4,113.719
20170127,ID007FJN402,13.496
20170127,ID007FJN475,417.03
20170127,ID007FJN4G5,44.436
20170127,ID007FJN4R3,388.876
20170127,ID007FJN4Z4,22.133
20170127,ID007FJN563,561.856
20170127,ID007FJN5F3,451.238
20170127,ID007FJN5P2,284.768
20170127,ID007FJN5X3,347.304
20170127,ID007FJN6F1,3137.075
20170127,ID007FJN6N2,265.422
20170127,ID007FJN6X1,138.036
20170127,ID007FJN741,180.066
20170127,ID007FJN7C2,126.279
20170127,ID007FJN7L2,859.925
20170127,ID007FJN7T4,218.508
20170127,ID007FJN812,592.499
20170127,ID007FJN885,563.365
20170127,ID007FJN8H5,152.477
20170127,ID007FJN8R4,171.564
20170127,ID007FJN901,589.918
20170127,ID007FJN983,290.072
20170127,ID007FJN9H3,131.133
20170127,ID007FJNCS4,49.692
20170127,ID007FJND20,180.507
20170127,ID007FJNDB0,225.945
20170127,ID007FJNDK0,257.997
20170127,ID007FJNDS2,807.713
20170127,ID007FJNFB5,295.722
20170127,ID007FJNFK5,77.583
20170127,ID007FJNFT6,38.877
20170127,ID007FJNG14,2435.285
20170127,ID007FJNG87,219.579
20170127,ID007FJNGV1,2109.137
20170127,ID007FJNHX7,53.96
20170127,ID007FJNJ45,550.0
20170127,ID007FJNJC6,564.401
20170127,ID007FJNJL6,2111.283
20170127,ID007FJNK15,1864.374
20170127,ID007FJNK88,958.711
20170127,ID007FJNKH8,2335.477
20170127,ID007FJNKQ8,791.674
20170127,ID007FJNKY9,1098.564
20170127,ID007FJNL59,71373.74
20170127,ID007FJNLF8,8174.645
20170127,ID007FJNLN9,4910.11
20170127,ID007FJNLW9,1265.229
20170127,ID007FJNM39,16963.24
20170127,ID007FJNMB0,1535.851
20170127,ID007FJNML9,700.076
20170127,ID007FJNMT1,11823.16
20170127,ID007FJNN82,4271.674
20170127,ID007FJNNK8,44647.46
20170127,ID007FJNNS0,20475.48
20170127,ID007FJNP05,11108.65
20170127,ID007FJNP78,1559.884
20170127,ID007FJNPR6,15859.79
20170127,ID007FJNQ67,10166.68
20170127,ID007FJNQF7,3634.185
20170127,ID007FJNQN8,15203.12
20170127,ID007FJNQY6,2558.824
20170127,ID007FJNR56,617.782
20170127,ID007FJNRM7,141.669
20170127,ID007FJNRV7,154.788
20170127,ID007FJNS63,232.887
20170127,ID007FJNSF3,67.675
20170127,ID007FJNSN4,926.869
20170127,ID007FJNSW4,1027.135
20170127,ID007FJNT34,194.201
20170127,ID007FJNTB5,213.232
20170127,ID007FJNTK5,313.826
20170127,ID007FJNTS7,162.069
20170127,ID007FJNV02,258.604
20170127,ID007FJNV75,188.017
20170127,ID007FJNVG5,691.702
20170127,ID007FJNVP5,318.551
20170127,ID007FJNVX6,736.385
20170127,ID007FJNW46,61.909
20170127,ID007FJNWC7,16.111
20170127,ID007FJNWL7,171.098
20170127,ID007FJNWT9,103.913
20170127,ID007FJNX17,40.267
20170127,ID007FJNXH0,580.011
20170127,ID007FJNXR9,1524.344
20170127,ID007FJNY06,133.464
20170127,ID007FJNY79,103.969
20170127,ID007FJNYG9,573.952
20170127,ID007FJNYP9,176.773
20170127,ID007FJNYZ8,395.287
20170127,ID007FJNZF7,94.415
20170127,ID007FJNZN8,27.133
20170127,ID007FJNZW8,121.203
20170127,ID007FJP035,47.7
20170127,ID007FJP0L5,794.794
20170127,ID007FJP1C3,429.145
20170127,ID007FJP1L3,54.452
20170127,ID007FJP213,103.866
20170127,ID007FJP295,308.3
20170127,ID007FJP2J4,190.832
20170127,ID007FJP2S4,358.369
20170127,ID007FJP302,110.452
20170127,ID007FJP3Q4,696.7
20170127,ID007FJP3Y5,70.624
20170127,ID007FJP4M6,135.661
20170127,ID007FJP4V6,374.452
20170127,ID007FJP525,138.418
20170127,ID007FJP5B5,824.015
20170127,ID007FJP5K5,161.089
20170127,ID007FJP5S7,395.025
20170127,ID007FJP605,112.36
20170127,ID007FJP678,132.901
20170127,ID007FJP6P8,183.739
20170127,ID007FJP6X9,413.711
20170127,ID007FJP749,78.457
20170127,ID007FJP7D9,367.005
20170127,ID007FJP7M9,775.225
20170127,ID007FJP7W8,164.247
20170127,ID007FJPRW4,239.143
20170127,ID007FL7TW5,756.235
20170127,ID007FL7VV1,61.493
20170127,ID007FL7X10,26617.95
20170127,ID007FL7XR2,350.905
20170127,ID007FL9WD7,1339.226
20170127,ID007G2QC07,17.14
20170127,ID007G2QK45,17.14
20170127,ID007G2TMR3,6.537
20170127,ID007G2V917,6.537
20170127,ID007G2W435,1.887
20170127,ID007GF2GX9,0.629
20170127,ID007GF4C11,1.55
20170127,ID007GFXGZ3,227.0
20170127,ID007HJ2S28,19.681
20170127,ID007HS7ZL6,384.285
20170127,ID007HSBWT0,1.576
20170127,ID007HW8RW2,0.845
20170127,ID007HW8VW3,2.925
20170127,ID007HW8ZD5,2.805
20170127,ID007HW90N0,2.55
20170127,ID007HWM527,21.5
20170127,ID007HWZ809,6.464
20170127,ID007J1W6S2,3.419
20170127,ID007J1WBQ3,3.419
20170127,ID007J1XVZ8,2.18
20170127,ID007J1YPP1,26.322
20170127,ID007J24RN0,0.0
20170127,ID007J24ZS7,4.194
20170127,ID007J259H6,0.012
20170127,ID007J25LJ7,0.592
20170127,ID007J2K6L0,160.769
20170127,ID007J2L7R1,0.341
20170127,ID007J2LB01,45.103
20170127,ID007J2LC36,0.442
20170127,ID007J2LPR1,0.013
20170127,ID007J2LQ80,1.93
20170127,ID007J2LQT7,0.151
20170127,ID007J2LR97,2.758
20170127,ID007J5Y371,2.519
20170127,ID007J7SVK7,19.172
20170127,ID007JPG224,70.838
20170127,ID007K466S3,53.14
20170127,ID007K809L1,2.0
20170127,ID007K88R15,0.625
20170127,ID007K8BBY0,2.0
20170127,ID007K8CTK5,0.625
20170127,ID007KC9NR6,4.954
20170127,ID007KD9M69,0.697
20170127,ID007KJDV61,0.001
20170127,ID007KMNHP3,8.554
20170127,ID007KMNL10,7.363
20170127,ID007KMNM54,7.363
20170127,ID007LN1N99,91.358
20170127,ID007LN1WF2,58.075
20170127,ID007LNWMX0,48.699
20170127,ID007LSV7K7,20.335
20170127,ID007LSVJ76,29.748
20170127,ID007LSWPJ8,33.775
20170127,ID007LW6KJ9,0.178
20170127,ID007LWPD04,8.554
20170127,ID007LWQ0R2,7.363
20170127,ID007LWR5L6,1.887
20170127,ID007MLJ8R6,133.436
20170127,ID007MM4KK0,13.6
20170127,ID007MMB1C3,1.229
20170127,ID007N4NB46,3.8
20170127,ID007N4R0S0,3850.766
20170127,ID007N70BD4,5.722
20170127,ID007NDF7H0,365.96
20170127,ID007NF56C3,31.19
20170127,ID007NLBF88,242.535
20170127,ID007NTPDF3,73.143
20170127,ID007P8G7V2,51.062
20170127,ID007P8JWR9,213.646
20170127,ID007P8K3T9,12.7
20170127,ID007P8KDV4,2.7
20170127,ID007PDKMS7,27.526
20170127,ID007PDXSS0,7.363
20170127,ID007PDY0Q2,6.537
20170127,ID007PG4BR3,15.12
20170127,ID007PG4JV1,7.4
20170127,ID007PG8495,5.414
20170127,ID007PG8654,12.857
20170127,ID007PG86J9,2.914
20170127,ID007PG8BC5,50.2
20170127,ID007PG8CD2,8.21
20170127,ID007PG9WR2,2.7
20170127,ID007PGB053,12.7
20170127,ID007PGB2H6,0.2
20170127,ID007PGB4M6,3.253
20170127,ID007PGB534,3.539
20170127,ID007PGB5M3,2.315
20170127,ID007PGB6Y8,2.914
20170127,ID007PGBF23,0.15
20170127,ID007PMM5J2,0.25
20170127,ID007PMM6L7,0.125
20170127,ID007PMMG26,0.175
20170127,ID007PMMGR9,0.4
20170127,ID007PMMJC9,0.05
20170127,ID007PMMJL9,0.71
20170127,ID007PMMK45,9.0
20170127,ID007PMMZS6,0.25
20170127,ID007PMN0H4,0.975
20170127,ID007PMN0S2,1.8
20170127,ID007PMN146,3.425
20170127,ID007PMP9X5,0.013
20170127,ID007PMPG23,0.007
20170127,ID007PMPK79,0.003
20170127,ID007PMPQ49,0.007
20170127,ID007PMPWC7,0.067
20170127,ID007PMQ722,0.561
20170127,ID007PMQQR3,0.261
20170127,ID007PN22Q1,470.395
20170127,ID007PNQCM7,157.414
20170127,ID007PSVBN1,676.248
20170127,ID007PZVCD4,0.5
20170127,ID007PZYD85,8.0
20170127,ID007PZZ858,6.2
20170127,ID007Q00B82,39.6
20170127,ID007Q02869,4.2
20170127,ID007QJ5TH7,0.15
20170127,ID007QQ0NB5,10.0
20170127,ID007QQ3JM9,317.05
20170127,ID007QT8218,4.75
20170127,ID007QT91Y3,1.65
20170127,ID007QTDD18,12.388
20170127,ID007QX0XN5,587.038
20170127,ID007QYRMK1,1.9
20170127,ID007R1SFJ8,1.045
20170127,ID007R1SKK5,2.647
20170127,ID007R1T9Z3,7.25
20170127,ID007R1YPM5,14.037
20170127,ID007R5JLY9,536.176
20170127,ID007R6SRK9,5.341
20170127,ID007R6T4W6,2.657
20170127,ID007R79CJ3,5.0
20170127,ID007R9P383,714.476
20170127,ID007RB7SR2,118.686
20170127,ID007RBCB57,1.366
20170127,ID007T970V1,0.005
20170127,ID007T97425,0.009
20170127,ID007T997Z0,0.252
20170127,ID007THTHP9,0.413
20170127,ID007THTK18,0.413
20170127,ID007TJ1VY4,0.413
20170127,ID007TJ7Y09,0.957
20170127,ID007V96DW0,0.143
20170127,ID007V96L61,0.143
20170127,ID007VC5KW8,5.223
20170127,ID007VC5PJ2,5.223
20170127,ID007VCTXM5,3.483
20170127,ID007W2V7K2,0.3
20170127,ID007W2VN45,0.3
20170127,ID007WDDSW9,2.895
20170127,ID007WL0FK6,93.698
20170127,ID007WL2786,62.624
20170127,ID007WTFS61,33.953
20170127,ID007WXPFX9,150.0
20170127,ID007WZ14P4,8.186
20170127,ID007X0W5W5,3.0
20170127,ID007X15X34,3.0
20170127,ID007X17DX3,7.0
20170127,ID007X17WZ9,7.0
20170127,ID007X184S8,115.0
20170127,ID007X18925,115.0
20170127,ID007X18FZ5,1.5
20170127,ID007X18KG5,1.5
20170127,ID007X82JY9,30.0
20170127,ID007X9NY26,30.0
20170127,ID007XBDG49,5.5
20170127,ID007XCH5Y4,5.5
20170127,ID007XG1W82,81.577
20170127,ID007XG7KR1,0.236
20170127,ID007XG8C25,0.271
20170127,ID007XGJY98,2.805
20170127,ID007XGKD10,2.55
20170127,ID007XGKT60,2.925
20170127,ID007XGKZ93,0.845
20170127,ID007XGLBQ6,0.625
20170127,ID007XGXZY1,2.0
20170127,ID007XKQTJ1,100.0
20170127,ID007XLXW86,113.226
20170127,ID007YX43F7,366.923
20170127,ID007YY9J83,1.2
20170127,ID007Z641R6,6.827
20170127,ID007ZC7WF5,0.075
20170127,ID007ZC8SC6,8.462
20170127,ID00801HCJ4,659.447
20170127,ID00801PLF9,5.674
20170127,ID00802XD84,40.001
20170127,ID0080C59G3,0.652
20170127,ID0080JRJV5,21.724
20170127,ID0080JYTY2,3.5
20170127,ID0080K37P1,3.5
20170127,ID0080KC4S5,109.22
20170127,ID0080KJ630,109.22
20170127,ID0080T4593,0.02
20170127,ID0080TXH04,188.482
20170127,ID0081HFG83,68.674
20170127,ID0081S2XN9,195.885
20170127,ID0081S3559,39.73
20170127,ID0081SSGV9,6.85
20170127,ID0081YPYP7,4.362
20170127,ID0081YQCG4,170.207
20170127,ID00823W6K2,12.34
20170127,ID00823X024,2.508
20170127,ID00824DWW1,157.527
20170127,ID00826ZCX5,0.355
20170127,ID00826ZZK8,0.063
20170127,ID008284ZJ0,0.907
20170127,ID008287BK8,0.1
20170127,ID008287MM2,0.7
20170127,ID008287PP2,1.8
20170127,ID008287RX9,0.7
20170127,ID008287TS1,2.5
20170127,ID0082YWWY2,211.531
20170127,ID0082Z9T54,88.403
20170127,ID00834VZ53,10.0
20170127,ID00835Q9H1,0.02
20170127,ID00835XC13,0.413
20170127,ID0083806F1,1.038
20170127,ID0083855M0,0.432
20170127,ID008386G45,0.041
20170127,ID0083BWGR4,339.6
20170127,ID0083BWH65,588.624
20170127,ID0083BWHJ1,256.798
20170127,ID0083BWHN6,515.151
20170127,ID0083BWJ25,83.318
20170127,ID0083BWJ89,262.47
20170127,ID0083BWJD3,538.396
20170127,ID0083BWJJ7,305.635
20170127,ID0083BWK22,72.001
20170127,ID0083BY3T9,34.372
20170127,ID0083CMKQ5,0.961
20170127,ID0083CN7X5,0.501
20170127,ID0083CNNV2,0.041
20170127,ID0083WYR83,8.0
20170127,ID0083WYXG1,6.2
20170127,ID0083WZ697,39.6
20170127,ID0083WZBF9,4.2
20170127,ID0083WZHM8,3.0
20170127,ID0083WZMN6,7.0
20170127,ID0083WZTB4,115.0
20170127,ID0083X03D5,1.5
20170127,ID0083X08B6,38.8
20170127,ID0083X0FS2,21.2
20170127,ID0083X0KF5,25.6
20170127,ID0083X0L90,25.541
20170127,ID0083XBFT9,0.707
20170127,ID0083XDCT4,0.432
20170127,ID0083XGLM8,0.041
20170127,ID0083XH8L7,0.024
20170127,ID0083XHKR4,1.318
20170127,ID008454B25,50.0
20170127,ID00845HNP0,3.0
20170127,ID00845JFT1,0.3
20170127,ID00845JHV4,30.0
20170127,ID00845JJY7,3.5
20170127,ID00845JLT8,5.5
20170127,ID00846V6D2,7.0
20170127,ID00846V7W9,115.0
20170127,ID00846V946,1.5
20170127,ID00848Q314,2.496
20170127,ID00848Q3S5,1.576
20170127,ID00848VYV7,22.88
20170127,ID0084GTR92,0.037
20170127,ID0084GTZJ3,0.037
20170127,ID0084GVJH8,2.022
20170127,ID0084GXMY0,2.022
20170127,ID0084JDN47,6.49
20170127,ID0084JGQB9,0.105
20170127,ID0084KZF10,0.794
20170127,ID0084KZJ67,14.022
20170127,ID0086H51X4,2.0
20170127,ID0086HBHP1,0.625
20170127,ID0086HCK00,2.805
20170127,ID0086HDNH5,2.55
20170127,ID0086HFHH6,2.925
20170127,ID0086HGHW8,0.845
20170127,ID0086JFNF1,0.433
20170127,ID0086LK417,80.72
20170127,ID0086LKMF2,982.983
20170127,ID00873XXS9,1.2
20170127,ID008741SG6,10.45
20170127,ID0087437P0,20.2
20170127,ID00878C192,0.003
20170127,ID00878C1D7,0.004
20170127,ID00878C1F5,0.143
20170127,ID00878C1G4,0.004
20170127,ID00878C1H3,0.015
20170127,ID00878C1J1,0.001
20170127,ID00878C2Q1,1.322
20170127,ID0087C7WD6,15.102
20170127,ID0087MPRC6,39.552
20170127,ID00882Q750,196.045
20170127,ID00886NLS8,2.0
20170127,ID00886P146,2.0
20170127,ID00886P495,119.397
20170127,ID00886PBW3,119.397
20170127,ID008891XC7,14.29
20170127,ID008897LG3,0.271
20170127,ID0088NCZL9,268.315
20170127,ID008950C77,250.5
20170127,ID0089BZB23,2.586
20170127,ID0089CNJ09,2.5
20170127,ID0089CP4R1,9.682
20170127,ID0089HD992,2.508
20170127,ID0089JLP20,119.397
20170127,ID0089PCGM4,0.036
20170127,ID0089PCH24,0.001
20170127,ID0089PM3Z8,77.393
20170127,ID0089QLXF3,6.241
20170127,ID0089QTND9,9.064
20170127,ID0089RHXJ2,3.65
20170127,ID0089RKRY4,2.586
20170127,ID0089RKTN2,6.241
20170127,ID0089RLGH6,7.575
20170127,ID008B83LW7,1.791
20170127,ID008B8D7W7,1.791
20170127,ID008B8G1P5,1.791
20170127,ID008B8MGS2,4.269
20170127,ID008B8Q7Z0,4.269
20170127,ID008B8Q9F8,4.269
20170127,ID008B8SL69,145.073
20170127,ID008CRG010,239.684
20170127,ID008CTTX10,2.67
20170127,ID008CYGSH7,2.67
20170127,ID008CYT4H6,2.67
20170127,ID008CZ0G78,25.708
20170127,ID008CZVXB2,25.708
20170127,ID008CZW568,25.708
20170127,ID008D1PTP7,96.954
20170127,ID008D1Z621,64.287
20170127,ID008D84595,27.639
20170127,ID008D860H5,4.0
20170127,ID008D8G6Y2,9.0
20170127,ID008D8GFZ1,9.0
20170127,ID008D8GS10,9.0
20170127,ID008DRQT97,2.586
20170127,ID008DRQV74,2.586
20170127,ID008DRQW54,6.241
20170127,ID008DRQXS7,6.241
20170127,ID008DRR1B4,5.38
20170127,ID008F1TRB0,141.033
20170127,ID008F54RW5,0.15
20170127,ID008F55PH5,0.009
20170127,ID008F55YZ6,0.023
20170127,ID008F560X1,0.029
20170127,ID008F56613,0.35
20170127,ID008F568L7,0.117
20170127,ID008F569F2,0.041
20170127,ID008F8J7G5,111.25
20170127,ID008F8K6K0,4.1
20170127,ID008F8KNH7,3.2
20170127,ID008F8S9T7,0.15
20170127,ID008F8VB36,0.009
20170127,ID008F8VKM5,0.023
20170127,ID008F8VN94,0.029
20170127,ID008F8VRB2,0.35
20170127,ID008F8W976,0.041
20170127,ID008F93HQ7,0.117
20170127,ID008FC0240,105.945
20170127,ID008FKHXD6,6.05
20170127,ID008FL2T67,8.027
20170127,ID008FL2V99,109.22
20170127,ID008FL2VV4,19.38
20170127,ID008FL2W51,8.034
20170127,ID008FL2WZ8,1.005
20170127,ID008FL2XW9,0.68
20170127,ID008FL2Y48,0.32
20170127,ID008FL2YH4,1.73
20170127,ID008FL2Z72,0.96
20170127,ID008FL3032,11.397
20170127,ID008FL30F9,6.0
20170127,ID008FL30T4,9.983
20170127,ID008FL31B1,8.784
20170127,ID008FL31S3,4.06
20170127,ID008FL3247,10.2
20170127,ID008FL32R2,3.9
20170127,ID008FL3354,2.04
20170127,ID008G74Z89,231.683
20170127,ID008G7B9M3,6.395
20170127,ID008GSRFS0,4.08
20170127,ID008GZH909,10.0
20170127,ID008H1TR37,41.961
20170127,ID008H27C41,5323.763
20170127,ID008H7SQ55,7.251
20170127,ID008H8RQF3,14.022
20170127,ID008HB4W40,0.013
20170127,ID008HC1MZ9,3.71
20170127,ID008HDS157,1.158
20170127,ID008HHSL72,1.9
20170127,ID008HHSRR7,1.9
20170127,ID008HHSS95,1.9
20170127,ID008HL97Z4,118.804
20170127,ID008HMNBX9,0.543
20170127,ID008HMNLQ5,0.001
20170127,ID008HMZP38,1.913
20170127,ID008HMZTD9,7.575
20170127,ID008HN0191,1.074
20170127,ID008HN0S38,0.374
20170127,ID008HN13B3,0.333
20170127,ID008KF3H23,16.25
20170127,ID008KF3MQ6,0.063
20170127,ID008KF5D11,0.063
20170127,ID008KF7696,16.25
20170127,ID008KF78W6,16.25
20170127,ID008KF7FK3,16.25
20170127,ID008KF9738,15.235
20170127,ID008KLHFZ3,0.013
20170127,ID008KLHKX4,0.013
20170127,ID008KLRTL7,60.0
20170127,ID008KLRTM6,13.305
20170127,ID008KR83P8,53.6
20170127,ID008KRX9X8,16.25
20170127,ID008KVMZ18,151.415
20170127,ID008LDCB02,12.34
20170127,ID008LFQ3W5,0.374
20170127,ID008LFRDF1,0.333
20170127,ID008LGX006,17.25
20170127,ID008LH5513,136.833
20170127,ID008LNYWF4,3.727
20170127,ID008LSZ570,13.11
20170127,ID008LXGBF8,20.455
20170127,ID008LYMN81,0.413
20170127,ID008ML56R3,11.844
20170127,ID008MPHYS9,67.367
20170127,ID008MW14V3,17.055
20170127,ID008MX2XZ2,0.355
20170127,ID008N0NX62,467.25
20170127,ID008N0QBX7,0.916
20170127,ID008N0WKJ6,0.035
20170127,ID008N0YRM5,1.25
20170127,ID008NLV782,15.589
20170127,ID008NLV808,10.514
20170127,ID008NLV8Q0,0.021
20170127,ID008NN6SH0,88.816
20170127,ID008NPHPT6,154.05
20170127,ID008NPHX00,10.85
20170127,ID008NPJ3D0,99.5
20170127,ID008NPJTW2,33.2
20170127,ID008NPJVW7,18.5
20170127,ID008NPJWD6,10.6
20170127,ID008NPJXQ0,11.6
20170127,ID008NPJYC3,7.95
20170127,ID008NPJZM9,3.15
20170127,ID008NPK035,5.4
20170127,ID008NS9Q71,0.941
20170127,ID008NTRZM2,0.625
20170127,ID008NVVMJ5,106.785
20170127,ID008NWWVK0,1.75
20170127,ID008P5M7C0,0.007
20170127,ID008P5M7D9,0.001
20170127,ID008P5M7F7,0.001
20170127,ID008P5M7G6,0.0
20170127,ID008P5M7J3,0.014
20170127,ID008P5M7K1,0.001
20170127,ID008P5M7L0,0.02
20170127,ID008P5M7M9,0.002
20170127,ID008P7FB17,1379.273
20170127,ID008P7FB80,601.995
20170127,ID008P7FBH0,252.0
20170127,ID008P7FYV4,200.006
20170127,ID008P7FZ23,91.523
20170127,ID008P7FZ96,1240.916
20170127,ID008P7FZJ5,4676.902
20170127,ID008P7FZR6,547.208
20170127,ID008P7FZZ7,307.222
20170127,ID008P7G065,52.119
20170127,ID008P7G0F5,198.417
20170127,ID008P7G0W6,1133.86
20170127,ID008P7G136,185.733
20170127,ID008P7G1D5,129.242
20170127,ID008P7G1N4,575.745
20170127,ID008P7G1W4,1069.837
20170127,ID008P7G234,1228.504
20170127,ID008P7G2B5,565.938
20170127,ID008P7G2K5,468.818
20170127,ID008P7G2S7,457.0
20170127,ID008P7G314,161.054
20170127,ID008P7G387,209.216
20170127,ID008P7G3J5,2001.0
20170127,ID008P7G3S5,826.948
20170127,ID008P7G403,191.4
20170127,ID008P7G476,850.0
20170127,ID008QK4086,20.156
20170127,ID008QPJV45,7.238
20170127,ID008QPK112,7.238
20170127,ID008QPK773,0.075
20170127,ID008QPKCJ9,0.075
20170127,ID008QPKHD4,0.344
20170127,ID008QPKKV7,0.344
20170127,ID008QPSWH9,10.0
20170127,ID008QSQ227,2.297
20170127,ID008QY25C2,1.606
20170127,ID008QYQZT2,0.234
20170127,ID008QZ4J55,0.468
20170127,ID008R1FCW2,0.234
20170127,ID008R1NF47,0.468
20170127,ID008R5T9Y3,26.312
20170127,ID008RB5VC1,5.428
20170127,ID008RCQ4K7,6.3
20170127,ID008RHBPZ9,0.605
20170127,ID008TPN161,4.13
20170127,ID008TT3Q79,6.3
20170127,ID008TT99L5,4.13
20170127,ID008TTDM59,1.25
20170127,ID008TTG642,1.25
20170127,ID008TZ55D2,600.0
20170127,ID008V3DML5,37.827
20170127,ID0090594J0,0.54
20170127,ID00908M4M5,0.16
20170127,ID0092WDCY9,4.75
20170127,ID0092X7GY5,1.65
20170127,ID0098Z1VL1,7.5
20170127,ID0099PWBC2,9.569
20170127,ID0099PWMH3,13.5
20170127,ID0099QW3L8,55.754
20170127,ID0099R11X1,237.47
20170127,ID0099S79D8,0.1
20170127,ID0099S7V67,0.1
20170127,ID0099S7WN6,0.1
20170127,ID0099S7ZH6,0.1
20170127,ID0099S82W1,0.038
20170127,ID0099T4PG0,46.93
20170127,ID0099V76X5,0.55
20170127,ID0099W04W6,8.036
20170127,ID0099WKV81,0.1
20170127,ID0099WSPG7,166.969
20170127,ID0099WV5Z6,0.735
20170127,ID0099WVCC6,0.977
20170127,ID0099X09K6,82.5
20170127,ID009BC4NZ8,45.274
20170127,ID009BCLSL3,61.725
20170127,ID009BJKZK4,4.008
20170127,ID009BQ20J7,2.52
20170127,ID009BSW8M9,4.955
20170127,ID009BT1VZ6,0.108
20170127,ID009BTF7C9,0.172
20170127,ID009BTKR75,456.374
20170127,ID009BVVHR8,95.812
20170127,ID009BWH7V9,44.1
20170127,ID009CB55X9,300.0
20170127,ID009CB8FT9,43.326
20170127,ID009CC0JC5,110.946
20170127,ID009CCZ6S8,9.03
20170127,ID009CG7F55,9.702
20170127,ID009CH70G4,0.433
20170127,ID009CHNPJ8,5257.816
20170127,ID009CK8ZS6,0.011
20170127,ID009CLQFD4,10.0
20170127,ID009DCDZ61,80.471
20170127,ID009DDGL49,0.015
20170127,ID009DDJJ05,0.015
20170127,ID009DL4WY7,0.503
20170127,ID009DL4XZ4,1.225
20170127,ID009DQC816,11.984
20170127,ID009DQLNK2,1.225
20170127,ID009DQLXC9,1.225
20170127,ID009DQLZ98,0.503
20170127,ID009DQNKM4,0.503
20170127,ID009DW9FH4,9.0
20170127,ID009DW9P64,4.0
20170127,ID009DWB1W5,9.0
20170127,ID009DX8GR0,21.354
20170127,ID009DZ0FR5,13.967
20170127,ID009DZ1CM6,13.967
20170127,ID009F0QSG6,5.5
20170127,ID009F0V2R5,0.48
20170127,ID009F3H981,28.637
20170127,ID009F3XRW6,1.158
20170127,ID009F4D9S1,79.424
20170127,ID009F4HHS9,0.48
20170127,ID009F4HMQ0,0.48
20170127,ID009F4HRZ9,0.775
20170127,ID009F4HXY7,0.775
20170127,ID009F4HY75,0.775
20170127,ID009F4W045,103.59
20170127,ID009F6GFL6,1.73
20170127,ID009H2W6J8,2.963
20170127,ID009H56Q97,1.082
20170127,ID009H6F8T3,0.45
20170127,ID009HSZSF4,0.332
20170127,ID009HT04L6,0.625
20170127,ID009HT06Z6,2.366
20170127,ID009HT0BZ5,1.229
20170127,ID009HT2XL0,606.909
20170127,ID009HT53K4,0.036
20170127,ID009HXSTD1,1.05
20170127,ID009HXSZS1,0.95
20170127,ID009HXTBW8,17.85
20170127,ID009HXTGQ4,8.3
20170127,ID009HXTKV9,4.4
20170127,ID009HXTPX6,3.75
20170127,ID009HXTVR0,0.25
20170127,ID009HXV1V8,0.7
20170127,ID009HXV594,0.35
20170127,ID009J35K76,0.15
20170127,ID009J36088,0.35
20170127,ID009J361D0,0.117
20170127,ID009J362M8,0.041
20170127,ID009J363S0,0.007
20170127,ID009J36765,0.067
20170127,ID009J36GH3,0.561
20170127,ID009J36QM5,0.261
20170127,ID009J3X952,1217.27
20170127,ID009J6SMT6,12.026
20170127,ID009JCWLY4,6.419
20170127,ID009JCWN16,1.082
20170127,ID009JCWNJ7,1.082
20170127,ID009JGJRT3,0.168
20170127,ID009JH5DX2,0.575
20170127,ID009JHXN78,60.0
20170127,ID009K40BW9,1.703
20170127,ID009K5LS65,0.355
20170127,ID009K5MPN1,0.063
20170127,ID009K6YBZ4,1.25
20170127,ID009K6Z5L1,0.046
20170127,ID009K6ZL45,0.031
20170127,ID009K6ZR97,0.026
20170127,ID009K6ZXC0,0.002
20170127,ID009K700R2,0.005
20170127,ID009K70ZN9,40.0
20170127,ID009K86192,117.995
20170127,ID009KCKZK9,24.306
20170127,ID009KJ3K71,6.3
20170127,ID009KJ3M04,4.13
20170127,ID009L0Q935,0.168
20170127,ID009L0QGW7,0.168
20170127,ID009L57QC7,1.303
20170127,ID009L5KQQ7,6.7
20170127,ID009LB1F98,36.303
20170127,ID009LR05Q7,30.0
20170127,ID009LSXJ34,7.901
20170127,ID009LT07M3,21.337
20170127,ID009LT0V59,0.009
20170127,ID009LT1L41,0.457
20170127,ID009LT4TD1,0.015
20170127,ID009LT7CV5,0.0
20170127,ID009NG3LC6,0.605
20170127,ID009NLTTB1,0.038
20170127,ID009NP51P4,0.035
20170127,ID009NP5C43,0.035
20170127,ID009NP5JR3,109.896
20170127,ID009NVYS34,1.317
20170127,ID009NW4900,0.003
20170127,ID009NW4919,0.0
20170127,ID009NW4928,0.001
20170127,ID009NW4937,0.0
20170127,ID009NWWW71,0.45
20170127,ID009NWY1G7,0.45
20170127,ID009NWY890,0.45
20170127,ID009NXDB85,0.109
20170127,ID009NXGY55,0.137
20170127,ID009PN6CG2,1.576
20170127,ID009PN9G43,0.941
20170127,ID009PNRW39,0.605
20170127,ID009PYN9L0,0.038
20170127,ID009PYX3P8,0.15
20170127,ID009Q0HV86,64.341
20170127,ID009Q1RMJ1,25.6
20170127,ID009QY9V90,6.234
20170127,ID009QYGP40,12.972
20170127,ID009QYGWN4,109.22
20170127,ID009QYHSP0,3.364
20170127,ID009QYJ1Q6,3.364
20170127,ID009R0Y011,972.363
20170127,ID009R3Q853,267.036
20170127,ID009R578Y7,1206.646
20170127,ID009RRW4W2,5.692
20170127,ID009S0W9R5,1.421
20170127,ID009S0XQY8,2.955
20170127,ID009S110C2,9.569
20170127,ID009S2ZKB0,0.013
20170127,ID009S30XF4,0.016
20170127,ID009S31NX5,0.022
20170127,ID009S66Q66,0.1
20170127,ID009S678G4,0.7
20170127,ID009S67C48,3.642
20170127,ID009S6Z7D8,9.064
20170127,ID009STDJK8,0.2
20170127,ID009SX4M95,0.2
20170127,ID009SX74P4,4.347
20170127,ID009SX81F0,3.168
20170127,ID009SX8H01,4.434
20170127,ID009SXB4T5,4.009
20170127,ID009SXW7R7,19.306
20170127,ID009SXWKD3,10.346
20170127,ID009SXWPB4,9.027
20170127,ID009SXWR02,6.366
20170127,ID009T2NWS8,13.305
20170127,ID009T2P1H6,5.554
20170127,ID009T2P7T0,0.178
20170127,ID009T5PLG6,4253.551
20170127,ID009T9GD67,48.0
20170127,ID009TCDKR4,41.0
20170127,ID009TCDPF6,7.5
20170127,ID009TCDWG0,48.0
20170127,ID009TCDWZ9,41.0
20170127,ID009TCFCX3,7.5
20170127,ID009THNYR2,4.836
20170127,ID009THQMP7,3.483
20170127,ID009W34HV2,1.791
20170127,ID009W39M19,4.269
20170127,ID009W41CR9,2.67
20170127,ID009WMFXD3,25.708
20170127,ID009WMP5C4,0.039
20170127,ID009WMX866,0.039
20170127,ID009WN8B92,2.741
20170127,ID009WNK1D5,0.845
20170127,ID009WNQC18,0.4
20170127,ID009WNSJ48,0.4
20170127,ID009WQ9695,0.077
20170127,ID009WQF402,1.21
20170127,ID009WQFX35,0.413
20170127,ID009WQHR54,6.733
20170127,ID009WQJ257,0.105
20170127,ID009XGMPK6,2.003
20170127,ID009XGMQ42,30.026
20170127,ID009XGMR86,1.426
20170127,ID009XGMSB0,2.65
20170127,ID009XGMT82,1.4
20170127,ID009XGMZT5,1.3
20170127,ID009XGN3V2,6.3
20170127,ID009XGN7Q9,1.25
20170127,ID009XQLCW1,38.56
20170127,ID009Y3DRW7,151.859
20170127,ID009YNPM24,2.828
20170127,ID009YNRL33,14.363
20170127,ID009YTHN28,105.355
20170127,ID009YTYWV7,202.5
20170127,ID009YVF409,0.916
20170127,ID009YVF7L9,0.025
20170127,ID009YVF8Z2,3.727
20170127,ID009YVFQN5,19.788
20170127,ID009YVFRR9,0.941
20170127,ID009YYHGR5,1.21
20170127,ID009YYHK14,0.413
20170127,ID009YYHKF9,6.733
20170127,ID009YYHL58,0.105
20170127,ID009YYHLN8,2.741
20170127,ID009YYHLW8,0.845
20170127,ID009YYHM47,0.4
20170127,ID009YYHM83,0.4
20170127,ID009YZK4S4,0.45
20170127,ID009YZM448,1.801
20170127,ID009YZM527,0.54
20170127,ID009YZMBH8,1.208
20170127,ID009YZMP50,2.741
20170127,ID009YZMSX3,2.741
20170127,ID009YZMV93,0.845
20170127,ID009YZMWB8,0.845
20170127,ID009YZMYS6,0.4
20170127,ID009YZN090,0.4
20170127,ID009YZN6J6,0.4
20170127,ID009YZNH84,0.4
20170127,ID009YZNTV2,1.21
20170127,ID009YZP7S2,1.21
20170127,ID009YZP9J8,0.413
20170127,ID009YZPCY4,0.413
20170127,ID009YZPGQ4,6.733
20170127,ID009YZPRC5,6.733
20170127,ID009YZQ9Z9,0.105
20170127,ID009YZQPH3,0.105
20170127,ID009Z0KS89,0.6
20170127,ID009Z0NC54,0.78
20170127,ID009Z0T6G9,0.3
20170127,ID009Z0YRF8,1.5
20170127,ID009Z100C5,0.203
20170127,ID009Z97YC7,0.373
20170127,ID009Z9B4P4,14.449
20170127,ID009Z9D926,0.198
20170127,ID009ZB2LB6,0.2
20170127,ID009ZBBL80,1.505
20170127,ID009ZBGS26,0.675
20170127,ID00B02FGY1,5.06
20170127,ID00B092LP9,0.182
20170127,ID00B0B0NF3,657.218
20170127,ID00B0DSW50,49.534
20170127,ID00B0GWTB8,2.59
20170127,ID00B0QVR58,9.756
20170127,ID00B0TKM37,2000.0
20170127,ID00B0WP0V2,2.541
20170127,ID00B2GTVV3,130.435
20170127,ID00B2RL189,0.9
20170127,ID00B2RLGB2,0.7
20170127,ID00B2RM874,0.9
20170127,ID00B2S2D64,0.292
20170127,ID00B2S4HQ1,0.041
20170127,ID00B2SX521,1.505
20170127,ID00B2VP1H6,42.649
20170127,ID00B2XMVD3,1.916
20170127,ID00B2XXQ33,0.056
20170127,ID00B2Y1PJ1,0.055
20170127,ID00B2Y2KX5,0.144
20170127,ID00B2ZG588,0.9
20170127,ID00B3HGTJ3,106.869
20170127,ID00B3KMZ87,0.571
20170127,ID00B3LSG09,215.98
20170127,ID00B3PKW94,9.027
20170127,ID00B3Q3DK0,9.027
20170127,ID00B3QPXK2,22.449
20170127,ID00B3TLQ07,1.087
20170127,ID00B3TSVC6,91.999
20170127,ID00B3TWXZ2,0.227
20170127,ID00B3TXS91,0.065
20170127,ID00B3Y06Z5,406.317
20170127,ID00B3Y0LM6,118.111
20170127,ID00B4331T7,48.0
20170127,ID00B4335W4,41.0
20170127,ID00B4337C2,7.5
20170127,ID00B433BH8,13.5
20170127,ID00B433HX7,10.04
20170127,ID00B45YNS1,40.645
20170127,ID00B4WCBW7,20.791
20170127,ID00B4YBYX3,6.678
20170127,ID00B4YYS61,345.091
20170127,ID00B4YZB94,296.087
20170127,ID00B5334H3,34.191
20170127,ID00B57G7C8,1.505
20170127,ID00B59D9S6,0.008
20170127,ID00B59DJZ6,0.011
20170127,ID00B59DP64,2.236
20170127,ID00B59DTR3,0.101
20170127,ID00B59DZT7,0.094
20170127,ID00B5C2SK7,1886.747
20170127,ID00B5C7577,26.304
20170127,ID00B5CY3R0,0.167
20170127,ID00B5CYM61,0.141
20170127,ID00B5CZ3F2,0.205
20170127,ID00B5DLYK1,0.0
20170127,ID00B5Y6810,16.05
20170127,ID00B629CR9,0.119
20170127,ID00B62TH23,0.131
20170127,ID00B62WC48,9.027
20170127,ID00B636WK3,0.047
20170127,ID00B63KPC1,8.0
20170127,ID00B68LTS4,131.682
20170127,ID00B68SJW4,0.213
20170127,ID00B6BC377,9.756
20170127,ID00B6K47K2,0.5
20170127,ID00B6K63L8,4.525
20170127,ID00B6K9N04,0.5
20170127,ID00B6K9Y28,0.5
20170127,ID00B6KB0W6,0.5
20170127,ID00B6KB2N2,0.5
20170127,ID00B6KB5S0,0.5
20170127,ID00B6KB7Q8,0.5
20170127,ID00B6KBBP0,0.5
20170127,ID00B6KBF35,0.5
20170127,ID00B6KBRN7,0.5
20170127,ID00B6KBTG1,0.5
20170127,ID00B6KBV58,0.5
20170127,ID00B6KBW92,0.5
20170127,ID00B6KBXN4,0.5
20170127,ID00B6KBZJ4,0.5
20170127,ID00B6KC0K8,0.5
20170127,ID00B6KC2H8,0.5
20170127,ID00B6KC8Y6,0.5
20170127,ID00B6RY6G1,0.055
20170127,ID00B6RZNB8,11.657
20170127,ID00B6V6FQ2,48.775
20170127,ID00B6VCPR2,0.101
20170127,ID00B6VCPW6,0.094
20170127,ID00B8DCPY2,0.001
20170127,ID00B8G9DF7,0.0
20170127,ID00B8NQ1B3,2.051
20170127,ID00B8NX8T1,193.923
20170127,ID00B8T1902,0.0
20170127,ID00B8TF4N3,0.734
20170127,ID00B9BYWX7,95.571
20170127,ID00B9H51V6,383.169
20170127,ID00B9MH4H2,0.062
20170127,ID00B9MLH42,0.029
20170127,ID00B9MM734,0.058
20170127,ID00B9MMXC7,0.011
20170127,ID00B9MN298,0.07
20170127,ID00B9MN528,0.14
20170127,ID00B9MN9S2,0.063
20170127,ID00B9MNCZ7,0.092
20170127,ID00B9MNJH2,0.005
20170127,ID00B9MNXS9,0.071
20170127,ID00B9MPK69,0.02
20170127,ID00B9MPKJ5,3.4
20170127,ID00B9MPLW8,0.028
20170127,ID00B9MPQK0,0.233
20170127,ID00B9MQ3Q4,0.009
20170127,ID00B9MQ5Q9,0.003
20170127,ID00B9MQ7D9,0.448
20170127,ID00B9MQ9T8,0.176
20170127,ID00B9MQDR1,0.658
20170127,ID00B9P3667,0.014
20170127,ID00B9P85S0,0.063
20170127,ID00B9PJQZ4,95.571
20170127,ID00B9Q6Q13,0.4
20170127,ID00B9SKP24,1.05
20170127,ID00B9SKW38,0.95
20170127,ID00B9SKZH6,17.85
20170127,ID00B9SL0Y3,8.3
20170127,ID00B9SL5S9,4.4
20170127,ID00B9SL7M1,3.75
20170127,ID00B9SL8H5,0.25
20170127,ID00B9SL9D7,0.7
20170127,ID00B9SLBQ8,0.35
20170127,ID00B9SLMD8,2.022
20170127,ID00B9SWL48,0.062
20170127,ID00B9SX365,0.029
20170127,ID00B9SZ1Q5,0.058
20170127,ID00B9SZ6Q4,0.011
20170127,ID00B9SZP00,0.07
20170127,ID00B9SZV43,0.14
20170127,ID00B9SZWS5,0.063
20170127,ID00B9SZYC8,0.092
20170127,ID00B9T01Z1,0.005
20170127,ID00B9T03C2,0.071
20170127,ID00B9T05Q2,0.02
20170127,ID00B9T0920,0.028
20170127,ID00B9T0FX2,0.233
20170127,ID00B9T0HJ4,0.009
20170127,ID00B9T0P24,0.003
20170127,ID00B9T1484,0.448
20170127,ID00B9T2BC2,0.176
20170127,ID00B9T2G59,0.658
20170127,ID00B9V2MJ6,150.094
20170127,ID00BBSNMG0,0.072
20170127,ID00BBSPS75,0.071
20170127,ID00BBSQJQ3,0.071
20170127,ID00BBSQTN4,0.071
20170127,ID00BBSR7M2,0.071
20170127,ID00BBSRHV0,0.14
20170127,ID00BBST7P7,0.14
20170127,ID00BBSVSG8,0.072
20170127,ID00BBSW0W0,0.141
20170127,ID00BBT0VQ2,0.141
20170127,ID00BBT1JW1,0.141
20170127,ID00BBT4DH8,0.141
20170127,ID00BBT81V4,1.75
20170127,ID00BBTGRF6,0.07
20170127,ID00BBTGVD9,0.07
20170127,ID00BBTGW38,0.07
20170127,ID00BBTJD00,0.151
20170127,ID00BBTJY13,0.301
20170127,ID00BBTK8J9,0.301
20170127,ID00BBTLG82,0.15
20170127,ID00BBTLJM0,0.15
20170127,ID00BBTLLZ1,0.301
20170127,ID00BBTM0T3,0.301
20170127,ID00BBTM1K0,0.301
20170127,ID00BBTM3D4,0.301
20170127,ID00BBTMZX1,0.9
20170127,ID00BBTZ527,0.0
20170127,ID00BBTZ554,0.0
20170127,ID00BBTZ572,0.003
20170127,ID00BCF3TF5,0.869
20170127,ID00BCM34B9,102.985
20170127,ID00BCM5WT6,25.0
20170127,ID00BCP7BW9,0.035
20170127,ID00BCQFL29,5.111
20170127,ID00BDC16D5,128.218
20170127,ID00BDKH4B7,64.9
20170127,ID00BDLYK84,0.957
20170127,ID00BDMJWF5,0.957
20170127,ID00BDMKT24,0.013
20170127,ID00BDPSWY7,27.0
20170127,ID00BDPT129,0.015
20170127,ID00BDPV965,13.0
20170127,ID00BDQV2T3,3.5
20170127,ID00BDQV8G4,3.5
20170127,ID00BDQV9L6,15.75
20170127,ID00BDQVD00,14.0
20170127,ID00BDQVDN5,125.0
20170127,ID00BDQVYL1,3.5
20170127,ID00BDQW515,3.5
20170127,ID00BDQW7C9,15.75
20170127,ID00BDQW9Y1,14.0
20170127,ID00BDQWGV8,125.0
20170127,ID00BDRKTM1,15.538
20170127,ID00BDV0GM2,0.175
20170127,ID00BDVDPG5,0.544
20170127,ID00BDVFZJ8,0.908
20170127,ID00BDVJYM3,0.701
20170127,ID00BDVKPY7,0.114
20170127,ID00BDWYYK6,3.436
20170127,ID00BDWZ706,0.502
20170127,ID00BDWZF17,0.4
20170127,ID00BDWZGC3,0.274
20170127,ID00BDWZPS6,4.001
20170127,ID00BDWZVQ5,1.294
20170127,ID00BDX0H19,0.811
20170127,ID00BDZZ371,0.257
20170127,ID00BDZZ8D3,0.519
20170127,ID00BDZZ950,0.424
20170127,ID00BDZZJ03,0.572
20170127,ID00BDZZMG9,0.141
20170127,ID00BDZZSQ5,0.05
20170127,ID00BDZZWG7,0.136
20170127,ID00BDZZZX1,0.163
20170127,ID00BF00365,0.688
20170127,ID00BF006Q6,0.255
20170127,ID00BF00CN6,0.221
20170127,ID00BF00ZZ2,0.18
20170127,ID00BF02XF7,0.1
20170127,ID00BF052C5,0.177
20170127,ID00BF05618,0.1
20170127,ID00BF05958,0.198
20170127,ID00BFJ9329,1.266
20170127,ID00BGKK554,30.0
20170127,ID00BGKL642,8.618
20170127,ID00BGKPDP0,0.043
20170127,ID00BGKQN59,0.188
20170127,ID00BGKTYQ9,0.167
20170127,ID00BGKV4T9,0.141
20170127,ID00BGKVFX9,0.205
20170127,ID00BGKVKY7,0.119
20170127,ID00BGKVYR5,0.131
20170127,ID00BGKYHR9,0.399
20170127,ID00BGRQ330,0.225
20170127,ID00BGWKY28,0.2
20170127,ID00BGWW644,0.006
20170127,ID00BGWYH93,0.006
20170127,ID00BGX03V4,0.001
20170127,ID00BGX2100,0.023
20170127,ID00BGX3NK9,0.007
20170127,ID00BGX4ZF7,0.113
20170127,ID00BGYC081,0.1
20170127,ID00BH3WHH9,10.998
20170127,ID00BH414W3,0.114
20170127,ID00BH5RRF0,10.46
20170127,ID00BH80QK9,12.797
20170127,ID00BH81HW5,6.16
20170127,ID00BH81K21,4.56
20170127,ID00BH81QJ0,4.56
20170127,ID00BH83X03,12.797
20170127,ID00BKQM1C5,0.04
20170127,ID00BKQMBM2,0.031
20170127,ID00BKQMWT9,4.827
20170127,ID00BKSZPV3,3.251
20170127,ID00BKSZVL1,237.198
20170127,ID00BKYW6B7,0.015
20170127,ID00BKZ0095,0.012
20170127,ID00BKZ26P2,0.045
20170127,ID00BKZ71C2,0.045
20170127,ID00BKZBQT4,230.448
20170127,ID00BKZDV02,0.108
20170127,ID00BKZFCW7,0.108
20170127,ID00BKZFN62,0.027
20170127,ID00BKZFTS5,0.026
20170127,ID00BKZH417,0.012
20170127,ID00BKZJGB7,0.15
20170127,ID00BKZKGS7,0.022
20170127,ID00BL3RT20,67.407
20170127,ID00BL3S5K1,67.407
20170127,ID00BLVQCB6,0.4
20170127,ID00BLVSVN9,4.148
20170127,ID00BLVSW48,30.026
20170127,ID00BLVSWX6,2.586
20170127,ID00BLYJ8M5,0.678
20170127,ID00BLYLS48,0.678
20170127,ID00BLYTHC5,1.875
20170127,ID00BLYTWS5,1.025
20170127,ID00BLYV770,1.025
20170127,ID00BM2KR59,882.121
20170127,ID00BM3QY10,0.257
20170127,ID00BM3R3B6,0.141
20170127,ID00BM3RLH0,0.136
20170127,ID00BM42Q20,4.127
20170127,ID00BMB1JL0,0.015
20170127,ID00BMB7FW0,129.417
20170127,ID00BMBJ648,0.325
20170127,ID00BMBK1M7,0.325
20170127,ID00BMBKSV8,1.94
20170127,ID00BMBLNK0,1.94
20170127,ID00BMBLW11,0.7
20170127,ID00BMBN2D2,0.7
20170127,ID00BMBN554,0.65
20170127,ID00BMBP348,0.65
20170127,ID00BMCPSS5,3.175
20170127,ID00BN36FL0,98.412
20170127,ID00BNF0XM9,12.806
20170127,ID00BNG11R1,95.75
20170127,ID00BNHFN78,0.3
20170127,ID00BNHY987,0.3
20170127,ID00BNJ2S77,0.3
20170127,ID00BNJ9ST6,0.3
20170127,ID00BNJBSZ6,0.3
20170127,ID00BNWJ598,40.748
20170127,ID00BP1ZKF6,20.818
20170127,ID00BP3SVP5,5.325
20170127,ID00BP9CHP0,0.254
20170127,ID00BP9DG08,2.903
20170127,ID00BP9DP53,0.01
20170127,ID00BP9DVG8,0.004
20170127,ID00BP9F1W4,0.0
20170127,ID00BP9F8H6,0.842
20170127,ID00BP9FFN3,0.037
20170127,ID00BP9FGX0,0.048
20170127,ID00BP9FZJ4,0.013
20170127,ID00BP9GJJ9,0.009
20170127,ID00BP9GNS0,0.156
20170127,ID00BQYMW61,1.5
20170127,ID00BQYP9G8,1.5
20170127,ID00BRDB8S7,5.137
20170127,ID00BRDDG52,5.137
20170127,ID00BS82932,10.0
20170127,ID00BS9K4K2,193.923
20170127,ID00BSCS8N5,0.167
20170127,ID00BSCTP83,202.509
20170127,ID00BSDXZP5,1.236
20170127,ID00BT3MK44,9.47
20170127,ID00BTH1X02,0.227
20170127,ID00BTH2N76,0.065
20170127,ID00BTH50B8,0.373
20170127,ID00BV2XBX9,2.524
20170127,ID00BV2XQC9,0.257
20170127,ID00BV2XYY8,1.21
20170127,ID00BV2Y0L5,0.424
20170127,ID00BV2Y2S4,0.413
20170127,ID00BV2Y3S2,0.141
20170127,ID00BV2Y7D9,6.733
20170127,ID00BV2Y7Y6,0.136
20170127,ID00BV2YF78,0.105
20170127,ID00BV2Z8L7,0.544
20170127,ID00BV2ZC38,3.419
20170127,ID00BV2ZFY7,1.095
20170127,ID00BV2ZJ15,4.776
20170127,ID00BV2ZL56,0.59
20170127,ID00BV30L98,5.9
20170127,ID00BV30M14,1.814
20170127,ID00BV30Z06,0.258
20170127,ID00BV31280,10.118
20170127,ID00BV314P7,0.45
20170127,ID00BV31BR9,1.801
20170127,ID00BV32GL3,7.363
20170127,ID00BV32HL1,14.022
20170127,ID00BV32S19,6.537
20170127,ID00BV32W56,16.227
20170127,ID00BV33D57,23.997
20170127,ID00BV33NB8,2.741
20170127,ID00BV33QY6,0.845
20170127,ID00BV33ST8,0.4
20170127,ID00BV33W46,0.4
20170127,ID00BV33X99,0.925
20170127,ID00BV348L9,16.707
20170127,ID00BV35WF2,0.432
20170127,ID00BV36123,18.419
20170127,ID00BV36828,8.432
20170127,ID00BV36BJ3,0.342
20170127,ID00BV36NT6,14.062
20170127,ID00BV36Q28,1.776
20170127,ID00BV36TK2,4.741
20170127,ID00BV36VP2,2.297
20170127,ID00BV379V3,2.164
20170127,ID00BV37GV7,1.317
20170127,ID00BV37L55,19.667
20170127,ID00BV37S78,3.089
20170127,ID00BV38X76,0.811
20170127,ID00BV390F8,4.727
20170127,ID00BV3DBP8,0.643
20170127,ID00BV3FL10,1.606
20170127,ID00BV3LKG9,3.491
20170127,ID00BV5GCX9,19.681
20170127,ID00BV5HFW2,9.027
20170127,ID00BV8JH41,60.239
20170127,ID00BVB81N0,1.266
20170127,ID00BVJDWS4,3.6
20170127,ID00BVKP3V8,0.17
20170127,ID00BVKV065,0.86
20170127,ID00BVL0888,7.493
20170127,ID00BVL3D48,21.457
20170127,ID00BVLQ1Z5,90.302
20170127,ID00BVLQX94,9.6
20170127,ID00BVLRF83,30.0
20170127,ID00BVSPZP7,0.325
20170127,ID00BVSSBX8,1.94
20170127,ID00BVSTQF4,0.7
20170127,ID00BVSVPD5,0.65
20170127,ID00BW4FP09,450.0
20170127,ID00BWCTGF0,400.543
20170127,ID00BWQN284,14.658
20170127,ID00BYCYGM4,287.428
20170127,ID00BYG5S32,7.424
20170127,ID00BYG9N48,0.189
20170127,ID00BYGZVZ7,0.399
20170127,ID00BYK17R7,0.189
20170127,ID00BYYY1T2,0.156
20170127,ID00BYZ00H1,0.156
20170127,ID00BZSNLY6,0.149
20170127,ID00BZSP3Y4,0.316
20170127,ID00BZSP5T5,0.04
20170127,ID00BZSPBX7,0.04
20170127,ID00BZSQS41,0.04
20170127,ID00BZSQY57,0.16
20170127,ID00BZSR390,0.04
20170127,ID00BZSR7G3,0.04
20170127,ID00BZST3X1,0.149
20170127,ID00BZSTMX9,0.316
20170127,ID00BZSVB24,0.04
20170127,ID00BZSVJ27,0.04
20170127,ID00BZSVS36,0.04
20170127,ID00BZSVV02,0.16
20170127,ID00BZSW143,0.04
20170127,ID00BZSW250,0.04
20170127,ID00BZVSWP0,2.1
20170127,ID00BZVYSV5,2.1
20170127,ID00BZW3PD3,1.734
20170127,ID00BZW6L76,1.734
20170127,ID00BZW7RH1,2.1
20170127,ID00BZW81N0,2.1
20170127,ID00C022531,28.297
20170127,ID00C025191,0.167
20170127,ID00C0KDPQ0,0.02
20170127,ID00C0PF554,14.177
20170127,ID00C16D1N6,50.167
20170127,ID00C16KGJ0,11.25
20170127,ID00C17ZH91,13.0
20170127,ID00C17ZY58,0.137
20170127,ID00C4DWN22,1.667
20170127,ID00C4DXNC0,0.325
20170127,ID00C4DXPH0,1.94
20170127,ID00C4DXQC3,0.7
20170127,ID00C4DXR13,0.65
20170127,ID00C4F0RH7,0.096
20170127,ID00C5XP720,0.749
20170127,ID00C5XQ5N0,0.437
20170127,ID00C5Y3WQ1,0.451
20170127,ID00C5Y6YN7,0.438
20170127,ID00C5YCQP5,0.667
20170127,ID00C5YHJ94,0.187
20170127,ID00C5YLMS1,0.1
20170127,ID00C5YNPK0,0.1
20170127,ID00C5YP639,0.1
20170127,ID00C5YPY47,0.167
20170127,ID00C5YQ978,0.167
20170127,ID00C5YT788,0.167
20170127,ID00C5YWC92,172.705
20170127,ID00C5YWKX7,132.601
20170127,ID00C5YWNL4,53.408
20170127,ID00C5YWQ73,131.25
20170127,ID00C5YWSG9,213.814
20170127,ID00C65WQL9,1.164
20170127,ID00C66CRZ2,4.05
20170127,ID00C67B3J2,8.6
20170127,ID00C67WZN3,14.35
20170127,ID00C67X460,4.595
20170127,ID00C67XFJ1,9.569
20170127,ID00C67XGP2,3.955
20170127,ID00C67XJG6,26.304
20170127,ID00C6D5486,0.997
20170127,ID00C76Q450,220.0
20170127,ID00C7PS6K4,5.488
20170127,ID00C7RGG03,0.3
20170127,ID00C7RH445,0.3
20170127,ID00C7RH935,0.173
20170127,ID00C7RHHB8,0.173
20170127,ID00C7RHM09,0.026
20170127,ID00C7RHRV4,0.026
20170127,ID00C7RJ4D3,0.896
20170127,ID00C7RJ8X2,0.152
20170127,ID00C7RJ9H8,10.79
20170127,ID00C7RJFW7,1.199
20170127,ID00C7RLL88,0.999
20170127,ID00C7RLQC2,10.348
20170127,ID00C7RLQN0,0.068
20170127,ID00C7RLRK1,0.232
20170127,ID00C7RLWH4,0.232
20170127,ID00C7SCYK4,293.268
20170127,ID00C7SFRM4,65.095
20170127,ID00C7VDG61,0.343
20170127,ID00C7VFJ36,0.122
20170127,ID00C7VG5Y1,0.161
20170127,ID00C7VKWP7,0.495
20170127,ID00C7VLBH1,0.02
20170127,ID00C7VT8Y1,0.01
20170127,ID00C7VWHL1,0.01
20170127,ID00C7VWMB1,0.025
20170127,ID00C7VWQD0,0.01
20170127,ID00C7VWT44,0.115
20170127,ID00C808X03,6.194
20170127,ID00C9TP0Q4,1.05
20170127,ID00C9TP3M2,0.95
20170127,ID00C9TP5L8,17.85
20170127,ID00C9TP6W4,8.3
20170127,ID00C9TPCN1,4.4
20170127,ID00C9TPF90,3.75
20170127,ID00C9TPGJ7,0.25
20170127,ID00C9TPH78,0.35
20170127,ID00C9TPJM7,3.642
20170127,ID00C9TPKN3,1.778
20170127,ID00C9TPLG9,2.59
20170127,ID00C9TPMM0,12.797
20170127,ID00C9TPQW0,3.364
20170127,ID00C9TQC50,0.1
20170127,ID00C9TS143,0.7
20170127,ID00C9XXKG3,0.38
20170127,ID00CB2LSB9,0.4
20170127,ID00CB2LWW7,0.2
20170127,ID00CB2M0V7,1.0
20170127,ID00CB2MB61,1.0
20170127,ID00CB2MQQ6,0.204
20170127,ID00CB2MR48,0.204
20170127,ID00CB4DW25,0.72
20170127,ID00CB4DX14,0.66
20170127,ID00CB7XD28,0.129
20170127,ID00CB99CX9,3.262
20170127,ID00CB99FD4,8.186
20170127,ID00CB99HK2,8.186
20170127,ID00CB99MR4,3.483
20170127,ID00CBTLJ66,1.916
20170127,ID00CBTP795,0.227
20170127,ID00CBTP8V8,0.065
20170127,ID00CBTR800,0.047
20170127,ID00CBTRBS3,0.213
20170127,ID00CBVR1P3,523.353
20170127,ID00CCJKD52,30.917
20170127,ID00CCP0539,0.236
20170127,ID00CCP06M6,379.735
20170127,ID00CCP0959,0.271
20170127,ID00CCP0C61,0.54
20170127,ID00CCP0KZ1,0.16
20170127,ID00CDFF7M9,62.211
20170127,ID00CDFJT01,0.4
20170127,ID00CDFKTF3,0.2
20170127,ID00CDFKY08,1.0
20170127,ID00CDFLD12,0.204
20170127,ID00CDN9VT9,0.096
20170127,ID00CDNCX84,23.605
20170127,ID00CDXLGB5,65.0
20170127,ID00CF13F34,0.445
20170127,ID00CF13HZ5,0.216
20170127,ID00CF13L04,0.131
20170127,ID00CF13RJ1,0.94
20170127,ID00CF4FV76,10.077
20170127,ID00CF4FWH3,112.838
20170127,ID00CFTQN95,43.54
20170127,ID00CFWYR09,55.589
20170127,ID00CFWZ169,255.269
20170127,ID00CFXY113,8.236
20170127,ID00CFXY453,13.666
20170127,ID00CFXYHS9,3.475
20170127,ID00CFXYTK1,1.981
20170127,ID00CFXYWV2,4.778
20170127,ID00CFXYYD8,0.358
20170127,ID00CFXZ1D9,4.61
20170127,ID00CFXZ2W6,0.282
20170127,ID00CFXZ4S7,9.644
20170127,ID00CFXZ6C9,0.932
20170127,ID00CG6BBF9,0.03
20170127,ID00CG7YSN6,0.557
20170127,ID00CGCHC31,29.513
20170127,ID00CGKJW55,14.054
20170127,ID00CGLMN86,3.5
20170127,ID00CGLMQP0,3.5
20170127,ID00CGLNDM1,125.0
20170127,ID00CGLNJ57,15.75
20170127,ID00CGLP207,14.0
20170127,ID00CGLP2H9,67.407
20170127,ID00CGLP341,5.137
20170127,ID00CGLP3J5,1.5
20170127,ID00CGR73X6,8.236
20170127,ID00CGR75Y0,13.666
20170127,ID00CGR7KZ6,3.475
20170127,ID00CGR7ZW6,1.981
20170127,ID00CGR8515,4.778
20170127,ID00CGR85T5,0.358
20170127,ID00CGR8668,4.61
20170127,ID00CGR8702,0.282
20170127,ID00CGR87M8,9.644
20170127,ID00CGR88G3,0.932
20170127,ID00CGR9L55,0.25
20170127,ID00CJZ0YQ2,92.578
20170127,ID00CJZ0Z89,0.4
20170127,ID00CJZ11J1,0.2
20170127,ID00CJZ14J5,1.0
20170127,ID00CJZ14W0,0.204
20170127,ID00CJZ1L52,62.299
20170127,ID00CK4J216,36.007
20170127,ID00CKGSV97,4.493
20170127,ID00CL5JHQ2,184.964
20170127,ID00CLBJMH8,0.006
20170127,ID00CLFDRY5,58.251
20170127,ID00CLFH2M9,200.442
20170127,ID00CLFXKC2,10.394
20170127,ID00CLG1KH0,84.515
20170127,ID00CM52ZC4,30.0
20170127,ID00CMMF9G7,3.1
20170127,ID00CMMFCT6,20.5
20170127,ID00CMMFH51,37.898
20170127,ID00CMMFJ66,34.55
20170127,ID00CMMFK90,0.52
20170127,ID00CMMFL52,0.44
20170127,ID00CMMFM41,2.7
20170127,ID00CMMFN30,2.18
20170127,ID00CMMFNT2,1.25
20170127,ID00CMMFPS8,3.56
20170127,ID00CMMFQP9,0.65
20170127,ID00CMMFRT3,0.42
20170127,ID00CMMFZ79,1.65
20170127,ID00CMMG486,1.3
20170127,ID00CMMG9R4,4.65
20170127,ID00CMMGG98,10.6
20170127,ID00CMMGNM8,8.302
20170127,ID00CMMGYN3,40.55
20170127,ID00CMQF0T3,0.036
20170127,ID00CMQHSL8,0.212
20170127,ID00CMSC7G1,0.536
20170127,ID00CMSC7W3,0.485
20170127,ID00CMXMH13,0.485
20170127,ID00CNLDHK7,0.75
20170127,ID00CNLF059,0.72
20170127,ID00CNLF503,0.66
20170127,ID00CNNDBG1,2.73
20170127,ID00CNNXT89,0.03
20170127,ID00CNPBXX1,1.107
20170127,ID00CNV0080,0.05
20170127,ID00CNV0GR4,1.8
20170127,ID00CNY78N3,0.085
20170127,ID00CNY7YZ3,23.055
20170127,ID00CNY8781,0.02
20170127,ID00CNY8987,7.424
20170127,ID00CP2WK29,48.0
20170127,ID00CP2WMB5,41.0
20170127,ID00CP2WN69,7.5
20170127,ID00CP89XP9,58.869
20170127,ID00CP8H9R1,3.417
20170127,ID00CR2TYS3,1.791
20170127,ID00CR2V745,4.269
20170127,ID00CR2VB55,2.67
20170127,ID00CR2VDP9,25.708
20170127,ID00CRBH4R3,1.692
20170127,ID00CRBHXZ0,0.078
20170127,ID00CRBMCP1,0.005
20170127,ID00CRBQ5Q1,0.044
20170127,ID00CRBRKV1,0.097
20170127,ID00CRBS3L9,0.014
20170127,ID00CRBSKB2,0.001
20170127,ID00CRBT221,0.795
20170127,ID00CRBTG02,0.0
20170127,ID00CRG59K1,0.95
20170127,ID00CRG6RP5,1.173
20170127,ID00CRG8K78,1.187
20170127,ID00CRG8N45,7.892
20170127,ID00CRG8Q11,2.793
20170127,ID00CRG9142,0.715
20170127,ID00CRG94V6,2.762
20170127,ID00CRG9810,0.977
20170127,ID00CRGF4K1,0.235
20170127,ID00CRGH4W6,0.134
20170127,ID00CRH8B21,79.448
20170127,ID00CRHB735,129.5
20170127,ID00CRHLXD6,0.95
20170127,ID00CRHLZK3,0.95
20170127,ID00CRHMJ55,1.173
20170127,ID00CRHMJQ2,1.173
20170127,ID00CRHMLN0,1.187
20170127,ID00CRHMN92,0.787
20170127,ID00CRHMQ68,7.892
20170127,ID00CRHMRL9,7.892
20170127,ID00CRHMSK8,2.793
20170127,ID00CRHMV03,2.793
20170127,ID00CRHMX09,0.715
20170127,ID00CRHMXX3,0.715
20170127,ID00CRHMZH6,2.762
20170127,ID00CRHN144,2.762
20170127,ID00CRHN2D2,0.977
20170127,ID00CRHN313,0.977
20170127,ID00CRHN3V0,0.235
20170127,ID00CRHN6F1,0.235
20170127,ID00CRHN7F9,0.134
20170127,ID00CRHN894,0.134
20170127,ID00CS8J5L0,0.15
20170127,ID00CS8J7N4,1.2
20170127,ID00CS8J8M3,1.2
20170127,ID00CS92L04,11.7
20170127,ID00CSDNB77,0.3
20170127,ID00CSDQHB6,45.242
20170127,ID00CSJ3ZP3,51.024
20170127,ID00CSJ8NJ2,0.03
20170127,ID00CSJ8PB5,0.179
20170127,ID00CSJ9PC3,0.03
20170127,ID00CSJ9PJ6,0.03
20170127,ID00CSMP9S7,8.25
20170127,ID00CSMTVT3,8.25
20170127,ID00CSMVHV8,24.536
20170127,ID00CSMW0J8,0.536
20170127,ID00CSQ3NC8,3.364
20170127,ID00CSQDHY6,1.121
20170127,ID00CTDCGR5,30.0
20170127,ID00CTT4ZP9,3745.487
20170127,ID00CTV6KZ4,87.5
20170127,ID00CTX9FZ8,0.103
20170127,ID00CTXBZ09,5.05
20170127,ID00CTXC0R6,2.927
20170127,ID00CTXDD79,4.973
20170127,ID00CTZ9L17,150.0
20170127,ID00CTZ9Z07,1.176
20170127,ID00CTZFHK8,0.216
20170127,ID00CTZFJ60,0.602
20170127,ID00CV0KF11,44.213
20170127,ID00CV0RGZ5,3.591
20170127,ID00CVQTWM5,1.063
20170127,ID00CVQV5K3,1.063
20170127,ID00CVS14L4,100.194
20170127,ID00CW108G0,100.0
20170127,ID00CW4B6B1,12.806
20170127,ID00CWTMW54,0.45
20170127,ID00CWWYK50,14.419
20170127,ID00CWZ0HF6,150.0
20170127,ID00CX3F4X9,2.927
20170127,ID00CX3F539,4.973
20170127,ID00CX3F5C9,4.973
20170127,ID00CX76XQ4,1.821
20170127,ID00CX776F4,1.534
20170127,ID00CX7V765,0.0
20170127,ID00CX7XYH2,0.01
20170127,ID00CX80MK8,0.0
20170127,ID00CX80SX1,0.001
20170127,ID00CX81631,0.01
20170127,ID00CX818Z2,0.001
20170127,ID00CX81KS3,0.0
20170127,ID00CX89CT2,30.73
20170127,ID00CXBCT96,0.226
20170127,ID00CXHP742,79.844
20170127,ID00CXHR5Y1,57.549
20170127,ID00CXHRG68,57.549
20170127,ID00CXL0FZ8,0.2
20170127,ID00CXL1231,0.3
20170127,ID00CXL22N8,0.3
20170127,ID00CZDD4R4,0.7
20170127,ID00CZDD7M2,0.27
20170127,ID00CZHNL41,94.258
20170127,ID00CZM2MC2,5.065
20170127,ID00CZV0M43,93.012
20170127,ID00D0FS809,482.324
20170127,ID00D0M6YL8,24.084
20170127,ID00D0MRK53,54.667
20170127,ID00D0NBY94,94.1
20170127,ID00D0QV838,0.03
20170127,ID00D0RB133,23.055
20170127,ID00D0RFBY3,482.324
20170127,ID00D0Y7RT8,1.2
20170127,ID00D0Y8588,0.195
20170127,ID00D0Y8WD3,0.195
20170127,ID00D0Y9H09,0.25
20170127,ID00D0Y9N97,0.25
20170127,ID00D0YFQ93,0.124
20170127,ID00D0YGPY6,0.161
20170127,ID00D1KNDK9,0.265
20170127,ID00D1KNKQ7,0.461
20170127,ID00D1KNYR6,0.268
20170127,ID00D1KRHG1,4.968
20170127,ID00D1KS3D4,0.25
20170127,ID00D1KS8Q9,0.465
20170127,ID00D1KSF74,0.31
20170127,ID00D1KSLG1,0.33
20170127,ID00D1LSLD2,2.236
20170127,ID00D1LT1K7,0.008
20170127,ID00D1LTHD0,0.011
20170127,ID00D1LV017,0.009
20170127,ID00D1LVRX3,0.023
20170127,ID00D1LW640,0.029
20170127,ID00D1LWFH6,0.101
20170127,ID00D1LWRM4,0.094
20170127,ID00D1LWZ00,2.236
20170127,ID00D1LX765,0.008
20170127,ID00D1LXH36,0.011
20170127,ID00D1LZW77,140.881
20170127,ID00D1NCT66,256.982
20170127,ID00D1V1FM2,0.3
20170127,ID00D1V1S62,0.3
20170127,ID00D1V5KR2,96.0
20170127,ID00D1X40W7,12.8
20170127,ID00D2YT1M6,3.488
20170127,ID00D2YW0R9,0.002
20170127,ID00D2YW5K5,131.167
20170127,ID00D2Z8C60,0.3
20170127,ID00D31VDW7,71.055
20170127,ID00D322KW1,0.195
20170127,ID00D322ZD9,0.25
20170127,ID00D324FF9,0.009
20170127,ID00D324ZQ3,0.023
20170127,ID00D326480,0.029
20170127,ID00D3274Z9,0.101
20170127,ID00D329502,0.094
20170127,ID00D32BZT2,2.236
20170127,ID00D32F0G9,0.008
20170127,ID00D32GJ31,0.011
20170127,ID00D32P8X2,43.812
20170127,ID00D32V605,43.812
20170127,ID00D32WDL6,3.75
20170127,ID00D32Y684,3.75
20170127,ID00D32YF39,7.0
20170127,ID00D32YQX2,7.0
20170127,ID00D341R53,150.0
20170127,ID00D34STL2,6.663
20170127,ID00D39YHC0,0.541
20170127,ID00D39YJ72,0.541
20170127,ID00D39YKM2,0.115
20170127,ID00D3HQ6D4,10.0
20170127,ID00D5KNBS1,12.222
20170127,ID00D6PKPB9,132.4
20170127,ID00D6PKSC2,0.05
20170127,ID00D6PL4B5,0.05
20170127,ID00D6PPTX2,0.05
20170127,ID00D6PPY61,0.05
20170127,ID00D7BC5F8,0.083
20170127,ID00D7BJ2X8,0.083
20170127,ID00D7GNL88,1.534
20170127,ID00D7HHQ64,809.135
20170127,ID00D8NPL80,1.94
20170127,ID00D8XRC77,0.3
20170127,ID00D9M7WF9,1.424
20170127,ID00D9TBQ44,0.085
20170127,ID00D9TDDT4,0.083
20170127,ID00D9ZNHG4,589.918
20170127,ID00DB0DK27,4.0
20170127,ID00DB5NQZ6,4.5
20170127,ID00DB644T1,439.2
20170127,ID00DB64KJ6,417.03
20170127,ID00DB64KQ8,466.0
20170127,ID00DB64L22,252.0
20170127,ID00DB65NZ1,555.28
20170127,ID00DB65SY1,772.913
20170127,ID00DB68L55,592.499
20170127,ID00DB68RS7,191.4
20170127,ID00DB68XN9,218.508
20170127,ID00DB68XT3,1240.916
20170127,ID00DB68Y20,466.34
20170127,ID00DB68Y75,52.119
20170127,ID00DB692Y4,468.818
20170127,ID00DB6FJ25,198.417
20170127,ID00DB6FL02,307.222
20170127,ID00DB6GKT2,1133.86
20170127,ID00DB6GLP4,129.242
20170127,ID00DB6GMN4,565.938
20170127,ID00DB6GNK5,209.216
20170127,ID00DB6GPN7,185.733
20170127,ID00DB6NVP4,547.208
20170127,ID00DB6NW27,200.006
20170127,ID00DB6NWC6,233.0
20170127,ID00DBK5GN8,0.973
20170127,ID00DDLDH62,2.088
20170127,ID00DDLVHD4,0.734
20170127,ID00DDLVN96,0.212
20170127,ID00DDQRML8,1.42
20170127,ID00DF55G11,0.4
20170127,ID00DF55H46,0.4
20170127,ID00DF55HM6,11.153
20170127,ID00DG3NDW8,388.876
20170127,ID00DGG2T66,47.881
20170127,ID00DGG3GF3,1.91
20170127,ID00DGHLB71,0.012
20170127,ID00DGHM1G2,1281.293
20170127,ID00DGMXF05,0.021
20170127,ID00DGRVP04,54.058
20170127,ID00DGXL2M9,22.101
20170127,ID00DGXQ7Q9,6141.0
20170127,ID00DGXQ9C0,926.869
20170127,ID00DGXRNV7,3.522
20170127,ID00DGYR2D1,830.444
20170127,ID00DGYR2P8,951.225
20170127,ID00DGYR2Y8,2757.138
20170127,ID00DGYR376,1583.831
20170127,ID00DGYRDW6,7775.351
20170127,ID00DGYRF42,2495.277
20170127,ID00DGYRJD4,1218.185
20170127,ID00DGYRL58,296.087
20170127,ID00DGYRLD9,1102.752
20170127,ID00DGYRNG2,869.342
20170127,ID00DGYRSR9,1950.271
20170127,ID00DGYRT60,1117.926
20170127,ID00DGYRTG9,4146.693
20170127,ID00DGYRTP9,475.166
20170127,ID00DGYRVD7,1544.412
20170127,ID00DGYRVM7,1872.821
20170127,ID00DGYRVV7,915.255
20170127,ID00DGYRYF9,429.145
20170127,ID00DGYRYR6,2340.825
20170127,ID00DGYRZ11,1027.135
20170127,ID00DGYS133,530.75
20170127,ID00DGYS1C3,743.923
20170127,ID00DGYS1M2,266.509
20170127,ID00DGYS1W1,1325.225
20170127,ID00DGYS2K2,103.913
20170127,ID00DGYS2T3,3902.863
20170127,ID00DGYS320,4102.353
20170127,ID00DGYS3F6,1206.646
20170127,ID00DGYS838,5257.816
20170127,ID00DGYS8C8,1361.688
20170127,ID00DGYSBF8,10105.05
20170127,ID00DGYSBQ6,1524.344
20170127,ID00DGYSBY7,617.166
20170127,ID00DGYSC66,1317.456
20170127,ID00DGYSCJ2,1671.23
20170127,ID00DGYSGH5,397.649
20170127,ID00DGYSGR4,103.969
20170127,ID00DGYSH10,1705.451
20170127,ID00DGYSH92,775.203
20170127,ID00DGYSHK9,1218.161
20170127,ID00DGYSN99,1887.769
20170127,ID00DGYSNK6,4739.0
20170127,ID00DGYSPP6,5019.759
20170127,ID00DGYSTN0,950.855
20170127,ID00DGYSTY8,2849.73
20170127,ID00DGYSV55,3578.264
20170127,ID00DGYSVF4,4312.959
20170127,ID00DGYSVP3,31.368
20170127,ID00DGYSXD2,888.843
20170127,ID00DGYSY22,2720.532
20170127,ID00DGYSY95,49.345
20170127,ID00DGYSYJ4,1477.041
20170127,ID00DGYSYV0,1455.4
20170127,ID00DGYT0X1,161.089
20170127,ID00DGYT150,771.831
20170127,ID00DGYT1D1,714.903
20170127,ID00DGYT249,951.816
20170127,ID00DGYT2D9,4076.634
20170127,ID00DGYT2N8,1854.961
20170127,ID00DGYT392,3073.19
20170127,ID00DGYT3M7,5022.303
20170127,ID00DGYT409,954.125
20170127,ID00DGYT8P3,367.005
20170127,ID00DGYTWW2,2556.477
20170127,ID00DGYV6F5,823.406
20170127,ID00DHXCCX4,0.7
20170127,ID00DHXCF58,0.27
20170127,ID00DHYTDG1,0.47
20170127,ID00DJ5C7V6,389.325
20170127,ID00DK52Y19,1.348
20170127,ID00DK9RHG5,40.784
20170127,ID00DK9T1M1,719.715
20170127,ID00DK9X5P4,1.348
20170127,ID00DK9X9X7,11.844
20170127,ID00DKCFX03,48.127
20170127,ID00DKCMQL7,52.167
20170127,ID00DL8D773,555.555
20170127,ID00DL8FCG0,0.007
20170127,ID00DL92FK0,1.0
20170127,ID00DLM9WY2,0.45
20170127,ID00DLM9YR6,2.945
20170127,ID00DLM9YW0,0.175
20170127,ID00DLM9Z93,0.73
20170127,ID00DLM9ZF6,0.3
20170127,ID00DLM9ZV8,1.65
20170127,ID00DLMB024,0.12
20170127,ID00DLMB060,11.1
20170127,ID00DLMB113,0.18
20170127,ID00DLMB159,10.945
20170127,ID00DLMB1J4,0.13
20170127,ID00DLMB1M0,4.17
20170127,ID00DLMB1S4,4.3
20170127,ID00DLMB1X8,13.45
20170127,ID00DLTRQP0,1.043
20170127,ID00DLTZML4,0.187
20170127,ID00DLTZVZ9,0.1
20170127,ID00DLTZX76,0.1
20170127,ID00DLTZY38,0.1
20170127,ID00DLTZZZ0,0.451
20170127,ID00DLV02D0,0.438
20170127,ID00DLV0561,0.167
20170127,ID00DLV0829,0.167
20170127,ID00DLV1748,0.167
20170127,ID00DLV1H37,0.667
20170127,ID00DLV1JR7,4.56
20170127,ID00DLV1LQ3,12.797
20170127,ID00DM049F6,9.507
20170127,ID00DM04W92,2.73
20170127,ID00DM052C3,2.038
20170127,ID00DM058V9,1.24
20170127,ID00DM16G20,57.549
20170127,ID00DM176V9,43.812
20170127,ID00DM17K02,3.75
20170127,ID00DM17VY1,7.0
20170127,ID00DP0B590,26.304
20170127,ID00DP0BG05,9.507
20170127,ID00DP0D892,0.069
20170127,ID00DP0DCT1,0.097
20170127,ID00DP0DF50,0.27
20170127,ID00DPC67V1,1.801
20170127,ID00DPC6LF8,18.419
20170127,ID00DPC6MB0,0.124
20170127,ID00DPC6VR3,1.317
20170127,ID00DPC74R2,0.811
20170127,ID00DPDD2C3,78.055
20170127,ID00DQ05LW5,1.05
20170127,ID00DQ0CGG6,1.05
20170127,ID00DQ0V4Q1,2.763
20170127,ID00DQ1PT27,160.8
20170127,ID00DQ4YZ36,2019.242
20170127,ID00DQ4ZR42,0.021
20170127,ID00DQCG6L2,0.232
20170127,ID00DQCGCR3,0.232
20170127,ID00DQFTQP3,0.973
20170127,ID00DQFV4W1,0.973
20170127,ID00DQFVSD9,0.226
20170127,ID00DQFXF45,19.0
20170127,ID00DQFXXC7,19.0
20170127,ID00DQFY485,19.0
20170127,ID00DQFYFR9,5.5
20170127,ID00DQFYZ40,5.5
20170127,ID00DQFZ2F0,5.5
20170127,ID00DQG1318,2.0
20170127,ID00DQG1PR1,2.0
20170127,ID00DQG26Y4,2.0
20170127,ID00DQG2CP1,2.5
20170127,ID00DQG2RS5,2.5
20170127,ID00DQG5J37,2.5
20170127,ID00DR67PS5,43.214
20170127,ID00DR783K9,0.272
20170127,ID00DR79729,1.05
20170127,ID00DR79B66,1.05
20170127,ID00DR79DZ0,1.05
20170127,ID00DRFGGM1,73.719
20170127,ID00DRH6VZ1,18.25
20170127,ID00DS8TW29,47.349
20170127,ID00DS8XK11,3.332
20170127,ID00DSS89Q3,1.404
20170127,ID00DSX0K30,9.07
20170127,ID00DSX0ZP3,250.0
20170127,ID00DT05M87,0.0
20170127,ID00DT05XP4,0.0
20170127,ID00DT08MR3,0.0
20170127,ID00DT08V75,0.0
20170127,ID00DVPQ8G8,365.96
20170127,ID00DVQLCB7,40.05
20170127,ID00DVW3K80,2.366
20170127,ID00DVW4476,1.229
20170127,ID00DVW4680,0.237
20170127,ID00DVZ9250,56.522
20170127,ID00DW1X738,3.874
20170127,ID00DWWMXJ8,377.627
20170127,ID00DX0TRZ5,5.38
20170127,ID00DX0TV31,0.054
20170127,ID00DX73JL1,10.0
20170127,ID00DXBQJJ0,4.968
20170127,ID00DXBRXK6,0.25
20170127,ID00DXBS474,0.465
20170127,ID00DXBSXS7,0.31
20170127,ID00DXBTFY8,0.33
20170127,ID00DYPCN59,4.126
20170127,ID00DZB29H8,23.2
20170127,ID00DZB4M23,0.001
20170127,ID00DZDFJT5,2019.242
20170127,ID00DZH8ZF3,555.555
20170127,ID00DZMM0V5,0.509
20170127,ID00DZMR380,1.04
20170127,ID00DZMR790,1.59
20170127,ID00DZMXK30,1.341
20170127,ID00DZN05D6,9.996
20170127,ID00DZN19R2,1.68
20170127,ID00DZN1K60,1.04
20170127,ID00DZN1NF4,1.59
20170127,ID00DZN1QG6,1.68
20170127,ID00DZNCDB8,0.03
20170127,ID00DZNCWQ0,0.006
20170127,ID00DZND0H9,0.025
20170127,ID00DZND2F7,0.008
20170127,ID00DZNDQJ0,0.001
20170127,ID00DZQ98G1,2019.242
20170127,ID00DZQLTZ0,29.621
20170127,ID00DZWDPK0,3.5
20170127,ID00DZWF0X9,3.5
20170127,ID00DZWF5Y7,0.5
20170127,ID00DZWFC72,0.5
20170127,ID00DZWFD07,38.5
20170127,ID00DZWFFV8,38.5
20170127,ID00DZWFN87,1.5
20170127,ID00DZWFQ62,1.5
20170127,ID00F0DTGQ2,0.002
20170127,ID00F0DVF45,0.001
20170127,ID00F0DVKT7,0.002
20170127,ID00F0DVZ96,0.0
20170127,ID00F0DW5Q2,0.0
20170127,ID00F0JWT50,0.061
20170127,ID00F2XZQ69,0.02
20170127,ID00F2XZYM4,26.953
20170127,ID00F33RM08,0.02
20170127,ID00F33VB89,0.02
20170127,ID00F33W769,0.609
20170127,ID00F33X2W0,0.06
20170127,ID00F33XVZ3,0.02
20170127,ID00F33Y240,0.02
20170127,ID00F340D50,0.016
20170127,ID00F340DM1,0.02
20170127,ID00F340VC2,0.016
20170127,ID00F340WZ5,0.021
20170127,ID00F340XY4,0.021
20170127,ID00F340YZ1,0.07
20170127,ID00F342CW0,0.02
20170127,ID00F342PD2,0.07
20170127,ID00F342R20,0.021
20170127,ID00F342SL7,0.021
20170127,ID00F342TQ0,0.021
20170127,ID00F342XM5,0.021
20170127,ID00F343F98,0.016
20170127,ID00F343S81,0.016
20170127,ID00F343XZ0,0.016
20170127,ID00F344349,0.016
20170127,ID00F344JF2,0.065
20170127,ID00F347D17,0.016
20170127,ID00F348960,0.016
20170127,ID00F35PP17,2.5
20170127,ID00F35VS78,5.5
20170127,ID00F35X8P0,2.0
20170127,ID00F35ZFD5,19.0
20170127,ID00F3613Y4,43.812
20170127,ID00F369D47,0.289
20170127,ID00F369Z48,0.278
20170127,ID00F36BBP5,0.126
20170127,ID00F36BS05,0.126
20170127,ID00F379WS7,0.509
20170127,ID00F37BCL5,0.509
20170127,ID00F3YH0W4,0.4
20170127,ID00F40DKQ4,438.478
20170127,ID00F40FGX3,438.478
20170127,ID00F464398,16.0
20170127,ID00F5CRDD2,0.4
20170127,ID00F5CSBJ9,40.622
20170127,ID00F5NQ4Y6,0.185
20170127,ID00F6KH131,922.077
20170127,ID00F6QB0X3,68.023
20170127,ID00F7R8B15,0.065
20170127,ID00F838V31,0.016
20170127,ID00F8Y5J97,225.387
20170127,ID00F8Y7V07,9.513
20170127,ID00F8YP256,0.938
20170127,ID00F91G337,14.86
20170127,ID00F91K831,0.741
20170127,ID00F91KMB1,0.741
20170127,ID00F9XL7K3,0.021
20170127,ID00F9XLCR5,0.016
20170127,ID00F9XLF16,0.021
20170127,ID00FB2K550,64.539
20170127,ID00FB2P5J0,1.04
20170127,ID00FB2P7R7,1.59
20170127,ID00FB2P9X6,1.87
20170127,ID00FB98TW7,86.098
20170127,ID00FB98YJ1,0.059
20170127,ID00FBB70S1,0.016
20170127,ID00FBB73F9,0.021
20170127,ID00FBB74W8,0.07
20170127,ID00FBB75T9,0.021
20170127,ID00FBB7CY8,0.016
20170127,ID00FBB8BN1,0.065
20170127,ID00FBBB550,0.065
20170127,ID00FBBSMB8,1.87
20170127,ID00FD7XFQ8,0.758
20170127,ID00FDDC438,169.992
20170127,ID00FDG1166,23.325
20170127,ID00FDG1P09,11.924
20170127,ID00FDG1Q61,247.4
20170127,ID00FDG1RR6,25.6
20170127,ID00FDG1SQ5,41.0
20170127,ID00FDG1TJ1,651.82
20170127,ID00FDG1VW1,103.087
20170127,ID00FDG1ZY0,3.5
20170127,ID00FDG2281,0.5
20170127,ID00FDG23X1,38.5
20170127,ID00FDG25G5,1.5
20170127,ID00FF47ZR7,80.712
20170127,ID00FF539T4,9.996
20170127,ID00FF73TD3,4.584
20170127,ID00FFD73R8,2.83
20170127,ID00FFFY7V9,3.365
20170127,ID00FFFYFC2,3.365
20170127,ID00FFFYG76,3.365
20170127,ID00FFFYGS3,3.365
20170127,ID00FFJZQ11,190.163
20170127,ID00FFNK3M6,0.636
20170127,ID00FGJBZG0,56.753
20170127,ID00FGLVTS4,1.437
20170127,ID00FGW2CS9,0.202
20170127,ID00FGY5D82,10.0
20170127,ID00FGYGZD5,64.584
20170127,ID00FH0V8V1,0.0
20170127,ID00FH0W038,0.0
20170127,ID00FH36G72,241.0
20170127,ID00FJ2H501,0.741
20170127,ID00FJ3SGL0,17.999
20170127,ID00FJ5BPP9,83.0
20170127,ID00FJC6832,11.139
20170127,ID00FLYQ116,15.722
20170127,ID00FM2KTW6,0.287
20170127,ID00FM4YYP4,44.658
20170127,ID00FN3BWH3,1515.182
20170127,ID00FN9QNT1,10.61
20170127,ID00FND2LQ5,25.0
20170127,ID00FNFRSR7,0.471
20170127,ID00FP0FB34,0.347
20170127,ID00FP0FGV2,0.106
20170127,ID00FP2MZP5,0.1
20170127,ID00FP2N268,1.0
20170127,ID00FPGH3W3,0.02
20170127,ID00FPL4WV3,0.02
20170127,ID00FQ700W6,0.202
20170127,ID00FQ70R11,0.212
20170127,ID00FQ7HFZ2,59.783
20170127,ID00FQFT2P1,534.188
20170127,ID00FQGZ6P3,466.592
20170127,ID00FQJXJF2,6.23
20170127,ID00FQPD6K2,0.02
20170127,ID00FQPF826,1.348
20170127,ID00FQPFJN9,4.973
20170127,ID00FRJ7Y94,145.77
20170127,ID00FRQ2TK1,0.002
20170127,ID00FRRB736,3.365
20170127,ID00FRSNLV9,105.876
20170127,ID00FRSPKZ5,2.85
20170127,ID00FRSRJ04,2.85
20170127,ID00FRT3VR2,1.043
20170127,ID00FRT41L3,0.667
20170127,ID00FRT42J4,4.56
20170127,ID00FRT43P5,0.187
20170127,ID00FRT46G8,0.1
20170127,ID00FRT47P6,0.1
20170127,ID00FRT4829,0.1
20170127,ID00FRT4C39,0.451
20170127,ID00FRT4D37,0.438
20170127,ID00FRT4DY3,0.178
20170127,ID00FRT4GF7,0.167
20170127,ID00FRT4HC8,0.167
20170127,ID00FRT4HX5,0.167
20170127,ID00FRTKH76,466.592
20170127,ID00FS0MQL0,446.2
20170127,ID00FS1TR20,9.513
20170127,ID00FVBR695,17.301
