Date,Time,Id,ResidualNoWinsorCumReturn,RawNoWinsorCumReturn
20141030,10:00:00.000,IDZQ0003GF7,-0.0014567793,0.0068746135
20141030,10:00:00.000,IDZQ00047M8,0.0025524271,0.003473603
20141030,10:00:00.000,IDZQ00048R1,0.008326744,0.012550178
20141030,10:00:00.000,IDZQ0005R34,0.0028341354,0.009530481
20141030,10:00:00.000,IDZQ0005SC2,0.0028034628,0.0035332623
20141030,10:00:00.000,IDZQ0007ZC4,0.038922466,0.032655943
20141030,10:00:00.000,IDZQ0008WW8,-0.0070821606,-0.0029750045
20141030,10:00:00.000,IDZQ0009HH7,-0.001643586,0.0036958111
20141030,10:00:00.000,IDZQ0009P98,-0.008617277,-0.0022047034
20141030,10:00:00.000,IDZQ000BBR6,-0.002004495,-0.0011456251
20141030,10:00:00.000,IDZQ000DWM3,-0.0009971546,0.00704367
20141030,10:00:00.000,IDZQ000F3R0,-0.0031307081,0.007116632
20141030,10:00:00.000,IDZQ000F6Q4,-0.0076899147,5.4234988e-08
20141030,10:00:00.000,IDZQ000F8T7,0.0013146584,0.005238827
20141030,10:00:00.000,IDZQ000FLJ9,0.0013490046,0.0002952133
20141030,10:00:00.000,IDZQ000KL21,-3.8873148e-07,0.0016435321
20141030,10:00:00.000,IDZQ000M533,0.005467367,0.005930217
20141030,10:00:00.000,IDZQ000MKV9,-0.014881698,-0.005960514
20141030,10:00:00.000,IDZQ000MVL6,0.04867579,0.05541643
20141030,10:00:00.000,IDZQ000MWP0,0.0007579158,-0.0008863079
20141030,10:00:00.000,IDZQ000PTP4,0.002759364,0.004084815
20141030,10:00:00.000,IDZQ000Q012,0.001957699,0.0032592397
20141030,10:00:00.000,IDZQ000QHK4,-2.8071177e-05,-0.011269789
20141030,10:00:00.000,IDZQ000SDR4,0.0025073753,-0.002148661
20141030,10:00:00.000,IDZQ000VT77,-0.0019107853,-0.0008761891
20141030,10:00:00.000,IDZQ000WBV8,-0.0031176049,0.002153651
20141030,10:00:00.000,IDZQ000WDG1,0.019487426,0.030877968
20141030,10:00:00.000,IDZQ000WYN7,-0.0018002978,0.007378318
20141030,10:00:00.000,IDZQ000X6D8,-0.002545156,0.00337969
20141030,10:00:00.000,IDZQ000X8Q0,-0.002951436,0.008673155
20141030,10:00:00.000,IDZQ000XJ04,-0.0036434378,0.0010844093
20141030,10:00:00.000,IDZQ000XSY7,-0.0037388343,0.00074470625
20141030,10:00:00.000,IDZQ000XWR6,0.003205489,0.003128141
20141030,10:00:00.000,IDZQ000Y0W9,0.008894036,0.009549523
20141030,10:00:00.000,IDZQ000Y3P1,0.0010401971,0.003342065
20141030,10:00:00.000,IDZQ000Y7B7,0.0006877212,0.008097242
20141030,10:00:00.000,IDZQ000Y8Q9,-0.0017149008,-0.001404096
20141030,10:00:00.000,IDZQ000YB91,0.00057635567,0.0018037474
20141030,10:00:00.000,IDZQ000YDZ8,0.0049512684,0.0032380312
20141030,10:00:00.000,IDZQ000YW68,-0.016053377,-0.025262235
20141030,10:00:00.000,IDZQ000Z3V3,-0.0032287452,0.0044851485
20141030,10:00:00.000,IDZQ000Z3Z9,-0.0048813396,-0.00068290246
20141030,10:00:00.000,IDZQ000Z9D0,-0.0028007147,0.014461168
20141030,10:00:00.000,IDZQ000ZKM5,-0.04300828,-0.033521045
20141030,10:00:00.000,IDZQ000ZTH2,-0.0073752706,-0.005926963
20141030,10:00:00.000,ID000BC0991,0.0005298495,0.0025852234
20141030,10:00:00.000,ID000BC0KZ7,0.02184914,0.028070131
20141030,10:00:00.000,ID000BC0QR3,0.0022639718,0.0070765135
20141030,10:00:00.000,ID000BC1099,-0.0024434652,-0.0043004807
20141030,10:00:00.000,ID000BC12C1,-0.0006938018,0.018690681
20141030,10:00:00.000,ID000BC1543,0.025155598,0.026411282
20141030,10:00:00.000,ID000BC15X1,-0.0022887662,0.0046400228
20141030,10:00:00.000,ID000BC1801,0.007408372,0.015225958
20141030,10:00:00.000,ID000BC1FY8,0.00041926547,0.00745267
20141030,10:00:00.000,ID000BC1HT0,-0.0015273129,-0.00018734125
20141030,10:00:00.000,ID000BC1RY2,-0.007918624,-0.0032446983
20141030,10:00:00.000,ID000BC2356,-0.003993557,0.00019724359
20141030,10:00:00.000,ID000BC3676,-0.007501147,0.000883701
20141030,10:00:00.000,ID000BC3SD1,0.0029545296,0.00792114
20141030,10:00:00.000,ID000BC3V44,-0.0016911967,-0.0014876918
20141030,10:00:00.000,ID000BC49N1,0.0004630936,-0.00045309996
20141030,10:00:00.000,ID000BC4N05,-0.018938586,-0.016453978
20141030,10:00:00.000,ID000BC4VC4,-0.007585167,-0.0004476189
20141030,10:00:00.000,ID000BC4WR6,0.01252307,0.029162897
20141030,10:00:00.000,ID000BC5TD7,-0.0012223369,0.0042481394
20141030,10:00:00.000,ID000BC6K90,-0.0078614475,-0.00834778
20141030,10:00:00.000,ID000BC6TT9,-0.053642128,-0.052090805
20141030,10:00:00.000,ID000BC75Z3,-0.009585618,-0.0051064305
20141030,10:00:00.000,ID000BC7PK5,-0.0034629728,0.0017107724
20141030,10:00:00.000,ID000BC7QR6,0.009818985,0.00977264
20141030,10:00:00.000,ID000BC7RM9,-0.0026840416,0.0022559224
20141030,10:00:00.000,ID000BC7ZT4,0.0022595376,0.009864836
20141030,10:00:00.000,ID000BC80Q3,0.035687182,0.042275786
20141030,10:00:00.000,ID000BC8494,-0.001453811,0.013056045
20141030,10:00:00.000,ID000BC8564,-0.006490288,5.326001e-09
20141030,10:00:00.000,ID000BC85Z2,-0.0011708097,0.007191136
20141030,10:00:00.000,ID000BC8699,0.00045590173,0.009641703
20141030,10:00:00.000,ID000BC8831,0.0073482287,0.030848544
20141030,10:00:00.000,ID000BC8CB3,0.0069162934,0.014979263
20141030,10:00:00.000,ID000BC8GG9,0.00046870313,0.003601897
20141030,10:00:00.000,ID000BC8JQ2,-0.0019801192,-0.00048320423
20141030,10:00:00.000,ID000BC8MY6,0.005162407,0.0066109933
20141030,10:00:00.000,ID000BC8T44,-0.002731936,0.0051876497
20141030,10:00:00.000,ID000BC9821,-0.0032538755,0.00020428958
20141030,10:00:00.000,ID000BC9LX8,0.00037405262,0.0033432064
20141030,10:00:00.000,ID000BC9P50,-0.008861377,0.012756728
20141030,10:00:00.000,ID000BC9YD2,-0.0016236332,0.001821744
20141030,10:00:00.000,ID000BC9Z85,0.022314548,0.030217525
20141030,10:00:00.000,ID000BC9ZX7,0.0017948281,0.008714989
20141030,10:00:00.000,ID000BCB2K1,-0.002735221,0.007644139
20141030,10:00:00.000,ID000BCBT22,0.0034888072,0.0016145569
20141030,10:00:00.000,ID000BCCFR4,-0.00040633627,0.0003000876
20141030,10:00:00.000,ID000BCCK93,-0.0032660812,0.0019395871
20141030,10:00:00.000,ID000BCCNC3,-0.0013985081,0.0033615828
20141030,10:00:00.000,ID000BCCRV3,-0.0009356398,0.0008010104
20141030,10:00:00.000,ID000BCD7C7,0.0026949658,0.0017208894
20141030,10:00:00.000,ID000BCD988,-0.0012250011,-0.0029033236
20141030,10:00:00.000,ID000BCDPP3,-0.00854127,-0.0036347092
20141030,10:00:00.000,ID000BCDYD7,-0.00671613,-0.0026877865
20141030,10:00:00.000,ID000BCFRC1,-0.0026704054,0.0034664162
20141030,10:00:00.000,ID000BCFVJ5,0.05079889,0.06329092
20141030,10:00:00.000,ID000BCFY18,-0.0086007435,-0.0025665774
20141030,10:00:00.000,ID000BCGSR2,-0.008412867,-0.004878542
20141030,10:00:00.000,ID000BCGVJ4,0.0013948282,-0.0060379067
20141030,10:00:00.000,ID000BCGWQ4,-0.027120054,-0.022522015
20141030,10:00:00.000,ID000BCGY80,-0.0007844676,0.01935888
20141030,10:00:00.000,ID000BCH216,0.0002204321,-0.0034917942
20141030,10:00:00.000,ID000BCH458,0.01086199,0.027581934
20141030,10:00:00.000,ID000BCHRB0,-0.0057459874,0.006583282
20141030,10:00:00.000,ID000BCHVK1,-0.0027641736,0.004579845
20141030,10:00:00.000,ID000BCL3M6,-0.00057658786,0.0020618518
20141030,10:00:00.000,ID000BCLVP1,-0.0031465555,0.010146269
20141030,10:00:00.000,ID000BCN0T3,-0.010036062,-0.010404739
20141030,10:00:00.000,ID000BCNNX8,0.0005904111,0.004459593
20141030,10:00:00.000,ID000BCQ2W2,-0.010132357,-0.0053845174
20141030,10:00:00.000,ID000BCQ3H7,0.003451422,0.025653945
20141030,10:00:00.000,ID000BCR5S9,0.0017645739,0.012079722
20141030,10:00:00.000,ID000BCS4S1,0.0054504825,0.0041195787
20141030,10:00:00.000,ID000BCXH60,-0.010900339,-0.0055291783
20141030,10:00:00.000,ID000BCYWV8,-0.0036084228,-0.00027727714
20141030,10:00:00.000,ID000BCZ519,-0.026062654,-0.022746725
20141030,10:00:00.000,ID000BD0F95,0.0024324844,0.003078448
20141030,10:00:00.000,ID000BD3RV1,-0.0030316494,-0.00018211357
20141030,10:00:00.000,ID000BD41Z3,-0.0005317329,0.0044742497
20141030,10:00:00.000,ID000BD4L52,0.010887203,0.003430484
20141030,10:00:00.000,ID000BD4S48,-0.008175905,-0.017908704
20141030,10:00:00.000,ID000BD53L3,0.0024606325,-0.0023805364
20141030,10:00:00.000,ID000BD5B99,0.0008491978,-0.0027229886
20141030,10:00:00.000,ID000BD5HP8,-0.042948525,-0.03192437
20141030,10:00:00.000,ID000BD5T18,0.0042450586,0.006364673
20141030,10:00:00.000,ID000BD61J9,0.002192571,0.010081506
20141030,10:00:00.000,ID000BD6CZ7,-0.008387998,-0.0052706995
20141030,10:00:00.000,ID000BD6X18,-0.003726886,-0.0011313513
20141030,10:00:00.000,ID000BD6ZN9,0.002632604,0.0053440523
20141030,10:00:00.000,ID000BD78R4,0.0018113453,0.0016603806
20141030,10:00:00.000,ID000BD7BN1,-0.0027307293,0.0014981126
20141030,10:00:00.000,ID000BD7MQ4,0.0036147647,0.0053811786
20141030,10:00:00.000,ID000BD7YK4,0.0038725378,0.008247516
20141030,10:00:00.000,ID000BD8BK3,-0.0038432092,0.007591835
20141030,10:00:00.000,ID000BD8PZ6,0.0035762037,0.01122049
20141030,10:00:00.000,ID000BD8VM7,-0.0011836035,0.004111599
20141030,10:00:00.000,ID000BD8XM3,0.007494607,0.011418894
20141030,10:00:00.000,ID000BD9DM6,0.003194868,0.005057449
20141030,10:00:00.000,ID000BD9DR1,0.009001248,0.010522617
20141030,10:00:00.000,ID000BDBL90,0.026996842,0.025736703
20141030,10:00:00.000,ID000BDBZC5,6.958813e-05,-0.0038885789
20141030,10:00:00.000,ID000BDCBX4,-0.05007796,-0.05161516
20141030,10:00:00.000,ID000BDCH16,-0.0034197418,0.0013834836
20141030,10:00:00.000,ID000BDCKP3,0.031547017,0.032877818
20141030,10:00:00.000,ID000BDCMJ6,-0.004376877,-0.0022060915
20141030,10:00:00.000,ID000BDCZY0,0.007939435,0.012554563
20141030,10:00:00.000,ID000BDDQ51,0.011342109,0.009203196
20141030,10:00:00.000,ID000BDDZJ6,-0.006883419,0.00065887626
20141030,10:00:00.000,ID000BDFK70,-0.0013970128,0.0020628276
20141030,10:00:00.000,ID000BDG288,-0.0041042613,0.007831003
20141030,10:00:00.000,ID000BDH9B8,0.009917426,0.01070417
20141030,10:00:00.000,ID000BDJ4D5,0.000113848466,0.008260183
20141030,10:00:00.000,ID000BDK0S5,0.006194935,0.0058701583
20141030,10:00:00.000,ID000BDK6Y5,-0.009090507,0.0039921883
20141030,10:00:00.000,ID000BDKG46,0.0021539966,0.007321536
20141030,10:00:00.000,ID000BDLN40,-0.016179468,-0.013541951
20141030,10:00:00.000,ID000BDLSV9,-0.004937626,0.0065496513
20141030,10:00:00.000,ID000BDN9L0,0.006919179,0.006223253
20141030,10:00:00.000,ID000BDNCX0,0.0015809652,0.006703677
20141030,10:00:00.000,ID000BDNRP6,0.0012381183,0.0024272744
20141030,10:00:00.000,ID000BDPKH8,-0.007855838,0.004129862
20141030,10:00:00.000,ID000BDQBV1,0.0039037291,0.009302241
20141030,10:00:00.000,ID000BDQGD0,0.00028303315,0.0010739045
20141030,10:00:00.000,ID000BDR7T2,-0.0041415635,-0.0003310523
20141030,10:00:00.000,ID000BDSDZ1,-0.0026794677,0.0017278511
20141030,10:00:00.000,ID000BDSZX4,0.009182553,0.011991225
20141030,10:00:00.000,ID000BDT1M0,-0.00083327066,-0.0005656504
20141030,10:00:00.000,ID000BDT426,-0.00020976624,0.0025299133
20141030,10:00:00.000,ID000BDTRH9,-0.0004208055,0.000991261
20141030,10:00:00.000,ID000BDVFM6,0.004726184,-0.0015994878
20141030,10:00:00.000,ID000BDWPB5,-0.007376968,-0.006660146
20141030,10:00:00.000,ID000BDWZ69,-0.010094895,1.6824924e-07
20141030,10:00:00.000,ID000BDX9Q4,0.012145996,0.015935164
20141030,10:00:00.000,ID000BDXB89,0.0052381363,0.007937748
20141030,10:00:00.000,ID000BDXKH9,-0.0017429399,-0.0078064767
20141030,10:00:00.000,ID000BDXYS7,-0.0013983115,0.0060196794
20141030,10:00:00.000,ID000BDY2S6,-0.0074960897,-0.0014125404
20141030,10:00:00.000,ID000BDY689,-0.005263144,-0.0007045188
20141030,10:00:00.000,ID000BDY849,0.0022631916,0.0047548823
20141030,10:00:00.000,ID000BDYN37,-0.0007328922,0.0013907392
20141030,10:00:00.000,ID000BDYXR9,0.0024028649,0.010519671
20141030,10:00:00.000,ID000BDZHL9,0.0053698877,0.0065624644
20141030,10:00:00.000,ID000BDZQF6,-0.013954216,-0.019555153
20141030,10:00:00.000,ID000BDZZ11,0.0048809233,0.007084898
20141030,10:00:00.000,ID000BF00N7,0.0034260876,0.017861405
20141030,10:00:00.000,ID000BF0KC5,0.0055380007,-0.002804716
20141030,10:00:00.000,ID000BF0SZ3,-0.0010849594,0.0047324193
20141030,10:00:00.000,ID000BF1421,-0.053670257,-0.046049654
20141030,10:00:00.000,ID000BF1L50,0.005341984,0.009586531
20141030,10:00:00.000,ID000BF1LB3,-0.015915256,-0.0023669628
20141030,10:00:00.000,ID000BF1NP4,0.007304647,0.010862182
20141030,10:00:00.000,ID000BF1SB8,0.00023109496,0.002207
20141030,10:00:00.000,ID000BF20J0,0.00038422138,0.0019316388
20141030,10:00:00.000,ID000BF21F2,-0.0014878071,0.0014701558
20141030,10:00:00.000,ID000BF29N6,0.0013660329,0.0027035926
20141030,10:00:00.000,ID000BF2DL9,0.0017844221,0.004962773
20141030,10:00:00.000,ID000BF2M20,0.010292126,0.010708069
20141030,10:00:00.000,ID000BF2PM1,-0.003667393,-0.009693208
20141030,10:00:00.000,ID000BF33F7,0.009955484,0.0045445547
20141030,10:00:00.000,ID000BF3RF4,-0.00803254,-0.013781933
20141030,10:00:00.000,ID000BF46K3,0.0067895255,-0.0007154671
20141030,10:00:00.000,ID000BF4HM7,-0.006798774,-0.0025796378
20141030,10:00:00.000,ID000BF5GH4,8.265897e-05,0.0026572621
20141030,10:00:00.000,ID000BF66X7,-0.004755488,0.00033830712
20141030,10:00:00.000,ID000BF69X1,-0.0019493772,0.002886021
20141030,10:00:00.000,ID000BF6RX1,-0.011177885,-0.0010774813
20141030,10:00:00.000,ID000BF7W87,0.0005156698,0.004801947
20141030,10:00:00.000,ID000BF82S0,-0.021082425,-0.022686724
20141030,10:00:00.000,ID000BF8LY1,0.002380055,0.008001112
20141030,10:00:00.000,ID000BF8SM9,-0.00760353,-0.00494121
20141030,10:00:00.000,ID000BF93B5,0.0003454177,-0.00010570904
20141030,10:00:00.000,ID000BFD9S9,0.0025760368,0.0018465738
20141030,10:00:00.000,ID000BFFXZ6,0.015837042,0.027933905
20141030,10:00:00.000,ID000BFGNH7,0.005589748,0.008389737
20141030,10:00:00.000,ID000BFKBQ8,-0.0062315953,-0.00073510443
20141030,10:00:00.000,ID000BFL9V6,0.002677314,0.0032330523
20141030,10:00:00.000,ID000BFLD92,-0.010943053,-0.010493219
20141030,10:00:00.000,ID000BFPL36,0.0008207189,0.005932021
20141030,10:00:00.000,ID000BFR0X7,-3.800303e-05,0.00492403
20141030,10:00:00.000,ID000BFT9L9,-0.026136957,-0.014232671
20141030,10:00:00.000,ID000BFW7B0,-0.0028410903,-0.0029011916
20141030,10:00:00.000,ID000BFYPV6,-0.0048233224,0.0042829714
20141030,10:00:00.000,ID000BG2VZ2,0.0038555067,0.004897276
20141030,10:00:00.000,ID000BG5PH2,-0.0028479921,0.0067085554
20141030,10:00:00.000,ID000BG7DY8,0.0079827625,0.0091729425
20141030,10:00:00.000,ID000BG9653,-0.0012067714,0.0055798218
20141030,10:00:00.000,ID000BG97J6,0.0030959488,0.005946611
20141030,10:00:00.000,ID000BG9MW8,0.0024333363,0.0015205113
20141030,10:00:00.000,ID000BGD890,-0.002850042,-0.008401674
20141030,10:00:00.000,ID000BGDYZ4,0.010128228,0.0018039844
20141030,10:00:00.000,ID000BGF665,-0.0014959995,0.002148756
20141030,10:00:00.000,ID000BGG8Z8,0.002811063,0.0070845345
20141030,10:00:00.000,ID000BGKM37,0.0112428395,0.0031441723
20141030,10:00:00.000,ID000BGN3C6,0.037566222,0.03126794
20141030,10:00:00.000,ID000BGP5K0,0.008214988,0.0065165167
20141030,10:00:00.000,ID000BGRXM5,-0.0047182604,-0.002015378
20141030,10:00:00.000,ID000BGX6S1,-0.004006526,-0.0023212323
20141030,10:00:00.000,ID000BGX8G0,-0.003266223,-0.003047645
20141030,10:00:00.000,ID000BGXTP4,0.011972317,0.012008996
20141030,10:00:00.000,ID000BH0HG4,0.011822799,0.017509902
20141030,10:00:00.000,ID000BH1TT3,-0.00090887217,0.0071520773
20141030,10:00:00.000,ID000BH2LP3,-0.021423759,-0.007812406
20141030,10:00:00.000,ID000BH2X22,0.0006894197,0.0047751963
20141030,10:00:00.000,ID000BH5600,-0.005896915,-0.004063938
20141030,10:00:00.000,ID000BH6SN6,-0.010126993,0.00015104047
20141030,10:00:00.000,ID000BH79M8,-0.009115281,0.011189663
20141030,10:00:00.000,ID000BHBQ09,-0.0055861026,-0.0024243235
20141030,10:00:00.000,ID000BHHJP2,-0.0011879329,0.012224687
20141030,10:00:00.000,ID000BHK9M3,0.0036925275,0.0059240274
20141030,10:00:00.000,ID000BHPQF8,0.0010791257,0.0055536195
20141030,10:00:00.000,ID000BHPST9,0.0036657266,0.0023811639
20141030,10:00:00.000,ID000BHQGZ7,-0.0010848255,0.0032760582
20141030,10:00:00.000,ID000BHWWK1,-0.04931733,-0.05404616
20141030,10:00:00.000,ID000BHX2C5,-0.008748235,-0.0048725307
20141030,10:00:00.000,ID000BHXCG9,-0.00045389796,0.00094414223
20141030,10:00:00.000,ID000BJ0CP1,-0.010836341,-0.004559258
20141030,10:00:00.000,ID000BJ5VQ3,-0.0053735315,0.003733195
20141030,10:00:00.000,ID000BJBJM7,-0.0032778226,0.002299351
20141030,10:00:00.000,ID000BJKZ32,-0.0037225236,0.0022293571
20141030,10:00:00.000,ID000BJL2Z9,-0.0036887021,-0.011276142
20141030,10:00:00.000,ID000BJNC94,-0.012024473,-0.005991615
20141030,10:00:00.000,ID000BJNP59,-0.0014863908,0.0035689583
20141030,10:00:00.000,ID000BJW6Q8,-0.0017141922,-0.001404285
20141030,10:00:00.000,ID000BKD1G8,-0.0071166633,0.00449449
20141030,10:00:00.000,ID000BKD7J2,0.030190606,0.04604064
20141030,10:00:00.000,ID000BKFP37,-0.011252858,-0.0045765913
20141030,10:00:00.000,ID000BKH1G4,-0.0004948641,-0.001017237
20141030,10:00:00.000,ID000BKMDB7,0.0036018074,0.017902328
20141030,10:00:00.000,ID000BKPC35,-0.016286282,0.00012129788
20141030,10:00:00.000,ID000BKTKV2,0.005207819,0.014911132
20141030,10:00:00.000,ID000BL3YQ4,0.0059801447,0.00685703
20141030,10:00:00.000,ID000BL4Y74,0.00076714903,0.006320309
20141030,10:00:00.000,ID000BL7S92,0.010243186,0.004597661
20141030,10:00:00.000,ID000BLBQW5,0.0068051866,0.0015203313
20141030,10:00:00.000,ID000BLCJ23,0.04574598,0.053169593
20141030,10:00:00.000,ID000BLD1M9,0.01684355,0.025284017
20141030,10:00:00.000,ID000BLDDC4,-0.00096376764,0.0068646143
20141030,10:00:00.000,ID000BLGLP9,-0.014084401,-0.0092310645
20141030,10:00:00.000,ID000BLHQ59,-0.004512087,0.0029752231
20141030,10:00:00.000,ID000BLK9Z0,0.0021042007,6.211104e-05
20141030,10:00:00.000,ID000BLL8D5,0.003138037,0.005882444
20141030,10:00:00.000,ID000BLLHB7,0.007928511,0.0030519902
20141030,10:00:00.000,ID000BLTBN9,-0.000722375,0.0025435265
20141030,10:00:00.000,ID000BLTKZ6,-0.00070331804,0.0035947915
20141030,10:00:00.000,ID000BLV8N3,0.010100032,0.014310942
20141030,10:00:00.000,ID000BLW594,0.00081989827,-0.00017403415
20141030,10:00:00.000,ID000BLZXN4,-0.0006853126,0.00017923515
20141030,10:00:00.000,ID000BM2666,-0.0071678264,-0.006386989
20141030,10:00:00.000,ID000BM6HN9,0.0034266945,0.0045352406
20141030,10:00:00.000,ID000BM9J25,0.0019999407,0.0013943383
20141030,10:00:00.000,ID000BM9V55,-0.0075211315,-0.0013378079
20141030,10:00:00.000,ID000BMCS58,0.015480084,0.028870126
20141030,10:00:00.000,ID000BMDJJ2,-1.2251091e-05,0.0017045425
20141030,10:00:00.000,ID000BMJCK9,-0.0008138312,0.002507437
20141030,10:00:00.000,ID000BMJGN7,0.0066112145,0.009303651
20141030,10:00:00.000,ID000BMLDR7,0.012984396,0.008667126
20141030,10:00:00.000,ID000BMLWY7,0.00080883334,0.004559984
20141030,10:00:00.000,ID000BMP3T3,-0.0053677517,0.007407871
20141030,10:00:00.000,ID000BMPT07,-0.005958128,0.0027688844
20141030,10:00:00.000,ID000BMQRH2,0.0024472151,0.0019812535
20141030,10:00:00.000,ID000BMT5N0,0.0013452686,0.0025189077
20141030,10:00:00.000,ID000BMV1Z3,0.035218157,0.034981575
20141030,10:00:00.000,ID000BMVWD9,-0.0021852164,-0.003540913
20141030,10:00:00.000,ID000BMW3R7,-0.0029754566,-0.0002590438
20141030,10:00:00.000,ID000BMWHC2,-0.00024684545,0.005053341
20141030,10:00:00.000,ID000BMWK62,-0.0037309828,0.009820557
20141030,10:00:00.000,ID000BMX6S8,-0.0015793508,0.0054814387
20141030,10:00:00.000,ID000BMXF26,-0.008647174,-0.01890006
20141030,10:00:00.000,ID000BMZ8K0,0.0026538814,0.0041038347
20141030,10:00:00.000,ID000BMZMX5,0.006192456,0.012010646
20141030,10:00:00.000,ID000BN08S8,0.004977617,0.009240586
20141030,10:00:00.000,ID000BN0P46,0.007364731,0.007657364
20141030,10:00:00.000,ID000BN1RD1,0.002997325,0.008710101
20141030,10:00:00.000,ID000BN6DP4,-0.001370653,-0.0025800825
20141030,10:00:00.000,ID000BN71Y9,-0.008278733,-0.006282739
20141030,10:00:00.000,ID000BN7570,-0.0007873067,-0.00086501654
20141030,10:00:00.000,ID000BNP1C3,0.0057678884,0.0043438487
20141030,10:00:00.000,ID000BNP507,0.0010071932,0.0134185115
20141030,10:00:00.000,ID000BNP5M3,-0.003619916,0.0011439049
20141030,10:00:00.000,ID000BNV243,0.0023147664,0.011870937
20141030,10:00:00.000,ID000BNZT31,-0.013592455,-0.0042912806
20141030,10:00:00.000,ID000BP01L5,-0.009850283,-0.0021667113
20141030,10:00:00.000,ID000BP5GK8,0.008929141,0.009666204
20141030,10:00:00.000,ID000BP72Q1,0.002293665,0.005596536
20141030,10:00:00.000,ID000BPCK94,0.003271344,0.004633646
20141030,10:00:00.000,ID000BPFPK7,0.0027690402,0.0013371154
20141030,10:00:00.000,ID000BPMLL7,0.0024930653,0.0026894915
20141030,10:00:00.000,ID000BPMS69,-0.0026987283,-0.0014344574
20141030,10:00:00.000,ID000BPQF36,-0.00951932,-0.0035609563
20141030,10:00:00.000,ID000BPVN88,0.0027833465,-0.0047435127
20141030,10:00:00.000,ID000BPWG46,0.010913471,0.015952399
20141030,10:00:00.000,ID000BPXH52,-0.0023742602,0.00066486676
20141030,10:00:00.000,ID000BPY717,-0.0007592284,0.0025105139
20141030,10:00:00.000,ID000BPYXW6,0.0011882038,0.0068005295
20141030,10:00:00.000,ID000BQ25Z7,0.011791791,0.0073604784
20141030,10:00:00.000,ID000BQ49H7,-0.000458663,-0.0026273306
20141030,10:00:00.000,ID000BQ4CR9,0.006281837,0.0016734096
20141030,10:00:00.000,ID000BQ5YC6,-0.0023102236,0.00022901448
20141030,10:00:00.000,ID000BQ5YP2,0.02486436,0.020697119
20141030,10:00:00.000,ID000BQB1D0,0.0011292329,0.0032837265
20141030,10:00:00.000,ID000BQCGM6,0.0020959475,0.0050185355
20141030,10:00:00.000,ID000BQGTY1,-0.004341467,-6.2460174e-05
20141030,10:00:00.000,ID000BQHGF9,-0.002092235,0.002163822
20141030,10:00:00.000,ID000BQM8C4,-0.0016395276,0.0050499164
20141030,10:00:00.000,ID000BQNK27,0.006696085,0.00613845
20141030,10:00:00.000,ID000BQNKM5,-0.0037621448,0.0018482623
20141030,10:00:00.000,ID000BQPF08,-0.006918176,-0.0026830996
20141030,10:00:00.000,ID000BQRZX6,0.00752075,0.012113457
20141030,10:00:00.000,ID000BQXJ29,0.0022858304,0.0028536639
20141030,10:00:00.000,ID000BQXQP8,-0.0011144918,-0.0005213235
20141030,10:00:00.000,ID000BQY715,0.0021803833,0.0064086556
20141030,10:00:00.000,ID000BR0GF5,-0.0005554922,-0.002305183
20141030,10:00:00.000,ID000BR3YL6,-0.0024111262,0.0027364767
20141030,10:00:00.000,ID000BR5SD6,0.01948792,0.023887752
20141030,10:00:00.000,ID000BR7M47,0.0013617586,0.001128713
20141030,10:00:00.000,ID000BR8552,0.007095349,0.010237306
20141030,10:00:00.000,ID000BRFCC1,0.000118117176,0.0051006647
20141030,10:00:00.000,ID000BRJTZ5,-0.0010251713,0.0035492333
20141030,10:00:00.000,ID000BRMNW7,0.01802177,0.025826326
20141030,10:00:00.000,ID000BRP3G6,-0.0001487646,0.0059317225
20141030,10:00:00.000,ID000BRS7L8,0.027377438,0.03164506
20141030,10:00:00.000,ID000BRVG61,-0.0048599383,-0.0023331947
20141030,10:00:00.000,ID000BRX5L6,-0.0034609048,-0.0004711295
20141030,10:00:00.000,ID000BRYT24,0.011123182,0.013657882
20141030,10:00:00.000,ID000BS1MT4,0.0063130083,0.0065123993
20141030,10:00:00.000,ID000BS1P17,0.0061216196,0.011215451
20141030,10:00:00.000,ID000BS3BJ7,-0.0058782767,-0.0025700345
20141030,10:00:00.000,ID000BS3KW2,0.0056509455,-0.0045218
20141030,10:00:00.000,ID000BS3YF1,0.011845821,0.014280567
20141030,10:00:00.000,ID000BS4XB6,-0.0051354514,0.008935426
20141030,10:00:00.000,ID000BS5F15,0.0020387187,0.0022580836
20141030,10:00:00.000,ID000BS64Z2,-0.0066359485,-0.0054626237
20141030,10:00:00.000,ID000BS67L0,0.0074659274,0.008228986
20141030,10:00:00.000,ID000BS6936,0.0042590857,0.0019348394
20141030,10:00:00.000,ID000BSCY61,0.0027048707,0.0033124804
20141030,10:00:00.000,ID000BSDBR7,-8.7008986e-05,0.0016972411
20141030,10:00:00.000,ID000BSFTZ7,0.0043452987,0.0049738484
20141030,10:00:00.000,ID000BSJVR7,0.0055005704,0.008138387
20141030,10:00:00.000,ID000BSK6S9,0.0041311933,0.008819434
20141030,10:00:00.000,ID000BSNX70,0.009817992,0.018530935
20141030,10:00:00.000,ID000BSP5X0,-0.004124681,-0.00042159433
20141030,10:00:00.000,ID000BSV6W2,-0.0038319782,-0.0009783852
20141030,10:00:00.000,ID000BSX0W3,0.0031703534,0.0074808467
20141030,10:00:00.000,ID000BSXH38,0.007921184,0.0069455425
20141030,10:00:00.000,ID000BT0ZM1,0.0074202693,0.012041914
20141030,10:00:00.000,ID000BTBVC9,0.001769078,0.0040304223
20141030,10:00:00.000,ID000BTG0S5,-0.0024319359,-0.005934412
20141030,10:00:00.000,ID000BTHT38,-0.0036227808,0.00060499285
20141030,10:00:00.000,ID000BTPZ35,0.0039439416,0.0014404401
20141030,10:00:00.000,ID000BTT6G1,0.0012795482,0.0043083625
20141030,10:00:00.000,ID000BTZX93,-0.006002403,-0.00034224289
20141030,10:00:00.000,ID000BV1FV9,0.009587201,0.014259341
20141030,10:00:00.000,ID000BV2V61,-0.0053078285,-0.0039749155
20141030,10:00:00.000,ID000BV7WV6,-0.0047979048,-0.0029650345
20141030,10:00:00.000,ID000BV96H7,-0.013827054,-0.009873393
20141030,10:00:00.000,ID000BVCK82,-0.021754822,-0.017338514
20141030,10:00:00.000,ID000BVDZV2,-0.000492225,0.004258949
20141030,10:00:00.000,ID000BVGMQ4,-0.028988011,-0.038890317
20141030,10:00:00.000,ID000BVGYM2,-0.0047116214,-0.0029330452
20141030,10:00:00.000,ID000BVPSS9,0.0064605614,0.008990656
20141030,10:00:00.000,ID000BVPZL0,0.0016303173,0.0035864317
20141030,10:00:00.000,ID000BVQZ75,0.010759115,0.016806876
20141030,10:00:00.000,ID000BVTMG1,-0.0011761363,1.6295574e-07
20141030,10:00:00.000,ID000BVXBW2,0.0020225,0.0057071224
20141030,10:00:00.000,ID000BW1RD1,0.002451052,0.006420964
20141030,10:00:00.000,ID000BW30J2,0.0008419428,0.002105121
20141030,10:00:00.000,ID000BW4519,-0.002722203,0.00607463
20141030,10:00:00.000,ID000BW4QS4,-0.0070844847,-0.00084887806
20141030,10:00:00.000,ID000BW6697,0.0043768496,0.0063492246
20141030,10:00:00.000,ID000BWBBF3,0.01196649,0.026810627
20141030,10:00:00.000,ID000BWF7C1,-0.0104040895,-0.020588389
20141030,10:00:00.000,ID000BWH908,-0.0032541442,0.012522642
20141030,10:00:00.000,ID000BWHXN0,-0.0026707042,-0.00078284956
20141030,10:00:00.000,ID000BWKSN7,-0.0012125302,0.00030498352
20141030,10:00:00.000,ID000BWPGB1,-0.002355345,0.015475053
20141030,10:00:00.000,ID000BWPKS4,-0.0023831977,0.0014066127
20141030,10:00:00.000,ID000BWQ506,-0.0025538772,0.0039279326
20141030,10:00:00.000,ID000BWR6R4,-0.0027497266,0.006848384
20141030,10:00:00.000,ID000BWYKD0,0.0033674878,0.0067043924
20141030,10:00:00.000,ID000BWZDP2,0.0006441337,0.0023633037
20141030,10:00:00.000,ID000BX25G3,-0.0021668405,-0.0023028445
20141030,10:00:00.000,ID000BX2SH2,0.003238402,0.010206202
20141030,10:00:00.000,ID000BX4S53,0.006490043,0.013282268
20141030,10:00:00.000,ID000BX7J69,0.0034969933,0.00337759
20141030,10:00:00.000,ID000BX9VY9,0.0013568221,0.0050047934
20141030,10:00:00.000,ID000BXF9J8,0.0043388945,0.008818636
20141030,10:00:00.000,ID000BXH3S9,-0.003459055,0.0049729454
20141030,10:00:00.000,ID000BXJSZ4,-0.0021207382,0.004181612
20141030,10:00:00.000,ID000BXNGD9,-0.02472533,-0.03112604
20141030,10:00:00.000,ID000BXPWF0,-0.003368689,0.0039495947
20141030,10:00:00.000,ID000BXRMP9,0.0021155265,0.0048204362
20141030,10:00:00.000,ID000BY20V5,0.0021109765,0.00056728354
20141030,10:00:00.000,ID000BYLHP4,0.0010713893,-0.005131576
20141030,10:00:00.000,ID000BYVJ33,-0.011518056,-0.005681442
20141030,10:00:00.000,ID000BYWWW1,0.0043013594,0.006573092
20141030,10:00:00.000,ID000BZ1Z64,0.003298004,0.009544968
20141030,10:00:00.000,ID000BZ6048,0.0002827113,0.0049395016
20141030,10:00:00.000,ID000BZG270,-0.0057137036,-0.0012467039
20141030,10:00:00.000,ID000BZT267,0.007136292,0.0070542013
20141030,10:00:00.000,ID000BZWM96,0.0067910086,-0.0031794484
20141030,10:00:00.000,ID000BZYRS2,-0.0074871774,-0.007921969
20141030,10:00:00.000,ID000BZZ7W0,-0.004291018,-0.00077520695
20141030,10:00:00.000,ID000BZZK79,-0.0070973067,0.0034425578
20141030,10:00:00.000,ID000C01V14,-0.010415914,4.839967e-08
20141030,10:00:00.000,ID000C02Z87,0.00489411,0.0038413196
20141030,10:00:00.000,ID000C03WJ1,0.003526141,0.004197923
20141030,10:00:00.000,ID000C04CZ6,0.017160565,0.01780542
20141030,10:00:00.000,ID000C04FX1,0.00253475,0.007380962
20141030,10:00:00.000,ID000C059M6,-2.5611074e-05,-0.0047262227
20141030,10:00:00.000,ID000C05R19,-0.016131362,-0.016696846
20141030,10:00:00.000,ID000C0LH31,-0.005955679,0.0022655637
20141030,10:00:00.000,ID000C0M876,-0.00054377393,-0.0028329163
20141030,10:00:00.000,ID000C0TD50,0.002330629,0.0054521603
20141030,10:00:00.000,ID000C0V0Z2,0.002224965,0.010146534
20141030,10:00:00.000,ID000C0XM55,-0.00036100252,-0.008424799
20141030,10:00:00.000,ID000C0YDJ9,-0.00026735524,0.011260308
20141030,10:00:00.000,ID000C0YGB0,0.00071008434,0.010536338
20141030,10:00:00.000,ID000C1HSN8,-0.00077344483,0.013637313
20141030,10:00:00.000,ID000C1M473,0.01028359,0.011269271
20141030,10:00:00.000,ID000C1PN69,0.003626638,0.0076076128
20141030,10:00:00.000,ID000C1Q594,0.017882772,0.023298759
20141030,10:00:00.000,ID000C1R478,0.001871208,0.018348644
20141030,10:00:00.000,ID000C1R619,0.08867722,0.10438033
20141030,10:00:00.000,ID000C1V3Z4,-0.012748489,-0.024829678
20141030,10:00:00.000,ID000C1W6R5,-0.0016040901,0.001610984
20141030,10:00:00.000,ID000C1Y6Q4,0.006687255,0.0115921935
20141030,10:00:00.000,ID000C20331,0.00031201472,0.00021394661
20141030,10:00:00.000,ID000C21KV1,-0.0067669866,0.00060417526
20141030,10:00:00.000,ID000C21XN2,-0.0023947235,-0.0006661848
20141030,10:00:00.000,ID000C22V73,0.0020622108,0.004629255
20141030,10:00:00.000,ID000C2C436,0.0067890105,0.007380161
20141030,10:00:00.000,ID000C2DQK7,-0.0019273368,0.005586151
20141030,10:00:00.000,ID000C2HXV6,-0.0035612164,0.003523753
20141030,10:00:00.000,ID000C2QN48,-0.012219794,-0.026421294
20141030,10:00:00.000,ID000C2V319,-0.0035972584,-0.003923999
20141030,10:00:00.000,ID000C2V6W8,0.008339313,0.005007453
20141030,10:00:00.000,ID000C2VSX9,0.0076424503,-0.0031910704
20141030,10:00:00.000,ID000C2WYY4,0.006564524,0.004571926
20141030,10:00:00.000,ID000C30552,-0.018433202,-0.025623009
20141030,10:00:00.000,ID000C34K73,0.0006893644,-0.0027189038
20141030,10:00:00.000,ID000C37MN8,-0.0013394527,0.003381658
20141030,10:00:00.000,ID000C38N82,0.003321032,0.0038702225
20141030,10:00:00.000,ID000C3J4X4,0.0019134429,0.0024753492
20141030,10:00:00.000,ID000C3M059,0.0027954574,0.004079499
20141030,10:00:00.000,ID000C3SMF4,-0.0024604215,0.00292791
20141030,10:00:00.000,ID000C3SMJ0,-0.03992011,-0.046967592
20141030,10:00:00.000,ID000C3VX11,0.003358816,0.008005691
20141030,10:00:00.000,ID000C3VY28,0.0028157695,0.0053324
20141030,10:00:00.000,ID000C3YBM3,0.020966291,0.035616547
20141030,10:00:00.000,ID000C400W1,0.026377628,0.025411764
20141030,10:00:00.000,ID000C41NX9,0.0028805118,0.005511241
20141030,10:00:00.000,ID000C41VP0,0.008236495,0.012550616
20141030,10:00:00.000,ID000C4DNY5,2.468458e-05,-0.0030252535
20141030,10:00:00.000,ID000C4K9S5,-0.008914683,-0.013370318
20141030,10:00:00.000,ID000C4W9D8,-0.008960808,-0.0010842362
20141030,10:00:00.000,ID000C5XT13,-0.0011838732,0.0035278504
20141030,10:00:00.000,ID000C68VC2,-0.013075288,0.0039952146
20141030,10:00:00.000,ID000C6K5W3,-0.004496026,-0.0038991943
20141030,10:00:00.000,ID000C6XDQ9,-0.00668051,-0.0006402313
20141030,10:00:00.000,ID000C8L0S4,-0.0018687195,0.0066486783
20141030,10:00:00.000,ID000CBQ7S7,0.0052549215,0.005293433
20141030,10:00:00.000,ID000CBZN20,0.0040447684,0.00885005
20141030,10:00:00.000,ID000CC2BV8,0.0062188767,0.004391355
20141030,10:00:00.000,ID000CCVZZ9,-0.003548979,0.009863825
20141030,10:00:00.000,ID000CCYKT6,0.015119155,0.020954708
20141030,10:00:00.000,ID000CDZNC5,-0.0032201265,-0.0005743671
20141030,10:00:00.000,ID000CGDKG4,0.012474547,0.022111122
20141030,10:00:00.000,ID000CGWPH1,-0.00363382,-0.0003572777
20141030,10:00:00.000,ID000CHWG16,0.004177455,0.007187019
20141030,10:00:00.000,ID000CK4S96,0.009403968,0.010526403
20141030,10:00:00.000,ID000CKDZV5,0.0003563973,0.008368164
20141030,10:00:00.000,ID000CKYDB3,0.0018042469,0.002501542
20141030,10:00:00.000,ID000CLKVQ0,0.00436802,0.0115877325
20141030,10:00:00.000,ID000CMY116,-0.0021205111,-0.0010325505
20141030,10:00:00.000,ID000CNV8Z5,-0.0008454039,0.009574902
20141030,10:00:00.000,ID000CP20R8,-0.009228098,-0.0017820274
20141030,10:00:00.000,ID000CPBD63,0.0016706204,-0.00013635465
20141030,10:00:00.000,ID000CPGFC6,0.00083755737,0.00039162257
20141030,10:00:00.000,ID000CPGPH9,0.0006000914,0.0006153191
20141030,10:00:00.000,ID000CQPKC3,0.017459087,0.011757256
20141030,10:00:00.000,ID000CRQVF3,-0.001419897,0.0044536474
20141030,10:00:00.000,ID000CSHJ86,-0.010896288,-0.0051826066
20141030,10:00:00.000,ID000CSHL18,0.0011899723,0.0073339636
20141030,10:00:00.000,ID000CT5G92,-0.004889088,0.003751863
20141030,10:00:00.000,ID000CTSXY2,-0.004541481,-0.0019021936
20141030,10:00:00.000,ID000CTT0J0,-0.014055682,-0.0056003113
20141030,10:00:00.000,ID000CVSV53,0.00020990294,0.0038376285
20141030,10:00:00.000,ID000CWMDK0,-0.001372911,0.0024887272
20141030,10:00:00.000,ID000CYR5S0,-0.011144019,-0.0006489554
20141030,10:00:00.000,ID000D03WR1,-0.0019996054,0.0039861165
20141030,10:00:00.000,ID000D0H0S5,0.0021343974,0.0035316206
20141030,10:00:00.000,ID000D16BC8,-0.0006076707,0.005678813
20141030,10:00:00.000,ID000D1FGT9,-0.0053001535,0.0064016934
20141030,10:00:00.000,ID000D2PYX2,0.0048934896,0.010840902
20141030,10:00:00.000,ID000D32Q35,-0.008345758,-0.021959119
20141030,10:00:00.000,ID000D54HT0,0.0047909888,0.008847389
20141030,10:00:00.000,ID000D8KQ89,0.005951984,0.009016188
20141030,10:00:00.000,ID000D9L3W0,-0.0047344114,-0.0024062435
20141030,10:00:00.000,ID000D9T3K5,0.001434831,0.010304353
20141030,10:00:00.000,ID000DBNN31,0.0027966828,0.007909832
20141030,10:00:00.000,ID000DCK8W3,-0.008271786,-0.002904099
20141030,10:00:00.000,ID000DD3GQ9,-0.0075759613,-0.001956521
20141030,10:00:00.000,ID000DD5WS0,0.0072032036,0.010284519
20141030,10:00:00.000,ID000DDXHG5,0.009076168,0.012979524
20141030,10:00:00.000,ID000DHXQT2,0.007103627,0.008321043
20141030,10:00:00.000,ID000DM2M32,0.0049157683,0.00645543
20141030,10:00:00.000,ID000DM6PM0,-0.000893964,0.0018443913
20141030,10:00:00.000,ID000DMFMD7,-0.0071913674,0.00039115502
20141030,10:00:00.000,ID000DMZS88,0.0028174128,0.0039325897
20141030,10:00:00.000,ID000DPM8Q9,0.000286028,0.0051313257
20141030,10:00:00.000,ID000DQ77T3,0.0064960457,0.009633084
20141030,10:00:00.000,ID000DQ7TG9,0.0055811726,0.007739191
20141030,10:00:00.000,ID000DQFHQ5,-2.5224263e-05,-0.0011324799
20141030,10:00:00.000,ID000DQSH27,-0.00019442893,0.004292211
20141030,10:00:00.000,ID000DVJ5K2,-0.0052454653,0.0019699838
20141030,10:00:00.000,ID000DW75D1,-0.010065359,-0.003486302
20141030,10:00:00.000,ID000DX14M8,-0.0076896423,-0.0007353611
20141030,10:00:00.000,ID000DXH432,-0.0005643954,0.0025791724
20141030,10:00:00.000,ID000DYF655,0.0076941857,0.010277265
20141030,10:00:00.000,ID000DZ5L87,0.003756172,0.010159846
20141030,10:00:00.000,ID000DZG349,0.00015934532,-0.011047134
20141030,10:00:00.000,ID000F09217,0.0067620166,0.009939838
20141030,10:00:00.000,ID000F45Y40,-0.00528075,0.00063868763
20141030,10:00:00.000,ID000F4LHP6,0.00017886276,-0.002577723
20141030,10:00:00.000,ID000F5L3Q3,0.07524348,0.090222076
20141030,10:00:00.000,ID000F5P2F3,-0.011137181,-0.0004285476
20141030,10:00:00.000,ID000F6L4Q9,-0.004480155,-0.009387315
20141030,10:00:00.000,ID000F79RP1,0.0063119885,0.009630494
20141030,10:00:00.000,ID000F7KW95,0.0036526553,0.0010902768
20141030,10:00:00.000,ID000F8TYC6,0.0142539535,0.0241723
20141030,10:00:00.000,ID000F93K14,-0.002879046,0.010921372
20141030,10:00:00.000,ID000FBCLZ0,-0.012882221,-0.010093015
20141030,10:00:00.000,ID000FD8FS2,0.002235912,0.0063803275
20141030,10:00:00.000,ID000FDL8Z5,0.00020519973,-0.00066514796
20141030,10:00:00.000,ID000FG1LV5,-0.0015351741,0.010810867
20141030,10:00:00.000,ID000FHZ630,-0.0012360176,-0.003916062
20141030,10:00:00.000,ID000FHZBB0,0.0003741247,0.0013103953
20141030,10:00:00.000,ID000FJH6R0,0.009575147,0.0061635054
20141030,10:00:00.000,ID000FMPVW3,-0.008458445,0.0028016716
20141030,10:00:00.000,ID000FNBYB3,0.007928707,0.0063558375
20141030,10:00:00.000,ID000FNNYL9,0.004558868,0.0063204356
20141030,10:00:00.000,ID000FQS3G1,-0.0005766489,-0.0061691725
20141030,10:00:00.000,ID000FR1Q22,-0.0011891926,-0.00078140316
20141030,10:00:00.000,ID000FV67D8,-0.00019650938,2.2351742e-08
20141030,10:00:00.000,ID000FWSVR4,-0.006598939,-0.0020630455
20141030,10:00:00.000,ID000FX2H28,-0.0056916904,0.004719857
20141030,10:00:00.000,ID000FYX2H9,-0.0058648377,0.0072258436
20141030,10:00:00.000,ID000FZV4R3,0.01535292,0.015196824
20141030,10:00:00.000,ID000G1VQF1,-0.005213533,-0.0015345658
20141030,10:00:00.000,ID000G4KJC6,0.014569466,0.015907604
20141030,10:00:00.000,ID000G6J4S9,-0.0023365028,0.0021337247
20141030,10:00:00.000,ID000G9LML7,0.002710864,0.01754917
20141030,10:00:00.000,ID000GB7900,0.005194392,-0.0007713614
20141030,10:00:00.000,ID000GFPVK0,0.0022478437,0.004269476
20141030,10:00:00.000,ID000GLT0J3,-0.004526922,0.0034262398
20141030,10:00:00.000,ID000GM5V54,-0.003961964,0.0037189238
20141030,10:00:00.000,ID000GM9C07,0.013145552,0.016768575
20141030,10:00:00.000,ID000GP1HQ9,-0.003260442,0.008708049
20141030,10:00:00.000,ID000GQH568,0.0058519295,0.0027309572
20141030,10:00:00.000,ID000GSDST3,0.00409652,0.0022655413
20141030,10:00:00.000,ID000GVXBH4,-0.010352975,-0.003158168
20141030,10:00:00.000,ID000GY6V57,-0.0005180609,-0.00045600196
20141030,10:00:00.000,ID000GZ0GF2,-0.00049020565,0.0044248533
20141030,10:00:00.000,ID000H291V0,-0.004721897,0.0065826285
20141030,10:00:00.000,ID000H2BF55,0.0020180065,0.0046767085
20141030,10:00:00.000,ID000H461C0,0.02275416,0.033803653
20141030,10:00:00.000,ID000H4S5W5,2.3406237e-05,-4.604808e-07
20141030,10:00:00.000,ID000H50NB6,0.0011429406,0.015739668
20141030,10:00:00.000,ID000H729M9,-0.0127049815,-0.011106343
20141030,10:00:00.000,ID000H7G3V7,-0.0036754701,0.00065553334
20141030,10:00:00.000,ID000H90QG6,-0.010737048,-0.013271424
20141030,10:00:00.000,ID000HF3Y54,0.0025042724,0.0036630249
20141030,10:00:00.000,ID000HFPD29,-0.0032894302,0.00057155464
20141030,10:00:00.000,ID000HH0HR6,0.0011389237,0.00037821365
20141030,10:00:00.000,ID000HHBQD9,-0.0024621927,0.0023599518
20141030,10:00:00.000,ID000HHH3S8,0.0036484133,0.0063766167
20141030,10:00:00.000,ID000HJTKL0,0.0032929447,0.0042959154
20141030,10:00:00.000,ID000HKMFG1,-0.0018807787,0.002065037
20141030,10:00:00.000,ID000HL0067,0.0069488147,0.0074620564
20141030,10:00:00.000,ID000HST070,-0.008660786,-0.0048952703
20141030,10:00:00.000,ID000HT2H25,0.0007973264,0.0006730896
20141030,10:00:00.000,ID000HW0214,0.009597672,0.019793762
20141030,10:00:00.000,ID000HXJ2N8,0.00013550305,0.0066412413
20141030,10:00:00.000,ID000J355C2,-0.0005036329,0.011225206
20141030,10:00:00.000,ID000J93ZS8,0.00153084,0.004404841
20141030,10:00:00.000,ID000J9PL96,-0.009681759,-0.01931459
20141030,10:00:00.000,ID000JDLX22,0.0036028852,0.0049149864
20141030,10:00:00.000,ID000JKR6K9,-0.0065064784,-0.0026116474
20141030,10:00:00.000,ID000JM9929,0.12366563,0.12539458
20141030,10:00:00.000,ID000JN9C93,0.0006850562,0.010442443
20141030,10:00:00.000,ID000JNDVB3,0.00709008,0.012094313
20141030,10:00:00.000,ID000JT2P43,-0.004130752,0.005216655
20141030,10:00:00.000,ID000JX4JW5,-0.0026538686,0.0040291473
20141030,10:00:00.000,ID000K00HV4,-0.0018849076,0.006245983
20141030,10:00:00.000,ID000K2DLL8,-0.007629211,-0.01301535
20141030,10:00:00.000,ID000K65GY5,-0.0030203536,-0.0046890825
20141030,10:00:00.000,ID000K79NK9,-0.008507929,0.0008304252
20141030,10:00:00.000,ID000KDG6T6,-0.0011402576,-0.00074832607
20141030,10:00:00.000,ID000KJS3T7,-0.005204155,-3.8853614e-09
20141030,10:00:00.000,ID000KL72Y1,-0.01311422,-0.011954624
20141030,10:00:00.000,ID000KR9YG6,-0.0023709678,-0.0013495517
20141030,10:00:00.000,ID000KVBD43,-0.014269862,-0.012867901
20141030,10:00:00.000,ID000KXQMX1,-0.008147256,0.005344521
20141030,10:00:00.000,ID000KXS3S7,-0.0070883753,-0.0016136757
20141030,10:00:00.000,ID000L0JMY9,-0.0029868633,-0.004655592
20141030,10:00:00.000,ID000L6W5T4,-0.06509137,-0.06140238
20141030,10:00:00.000,ID000LCKBR3,7.408677e-05,0.00041013825
20141030,10:00:00.000,ID000LCRBK3,0.008679338,0.008055873
20141030,10:00:00.000,ID000LHT3W5,0.0300167,0.037331827
20141030,10:00:00.000,ID000LW3MC0,0.00079337135,0.00786263
20141030,10:00:00.000,ID000LXHQ25,0.035691038,0.03594666
20141030,10:00:00.000,ID000M2VPB8,-0.0067034015,-3.6263373e-07
20141030,10:00:00.000,ID000M3HZF6,0.00046596202,-0.00043787208
20141030,10:00:00.000,ID000M3SN89,-0.007931268,-0.0044535478
20141030,10:00:00.000,ID000MDN4R3,0.0028418305,0.008123353
20141030,10:00:00.000,ID000MF6B19,-0.0066901324,-0.0047222013
20141030,10:00:00.000,ID000MFRDQ5,-0.0018234954,-0.00095738424
20141030,10:00:00.000,ID000MJGT84,-0.0022587618,0.00104619
20141030,10:00:00.000,ID000MLFDZ5,6.547071e-05,0.0027100085
20141030,10:00:00.000,ID000MLT0K4,0.0012451868,0.0045684143
20141030,10:00:00.000,ID000MM8ZX4,0.0028367925,0.011315842
20141030,10:00:00.000,ID000MT6W40,0.0034030331,0.0060475487
20141030,10:00:00.000,ID000N0B153,0.0028212345,0.0035596518
20141030,10:00:00.000,ID000N17TD6,-0.0013414529,-0.00020255789
20141030,10:00:00.000,ID000N2BZ81,0.0022025646,0.008182235
20141030,10:00:00.000,ID000N4B6Z1,0.011136575,0.014400625
20141030,10:00:00.000,ID000N57Q34,0.0028534532,0.011271853
20141030,10:00:00.000,ID000NCTVD3,0.0012684179,0.0046287547
20141030,10:00:00.000,ID000ND1Y18,0.0052260673,0.004870865
20141030,10:00:00.000,ID000NH2QV2,0.00058010983,0.005730037
20141030,10:00:00.000,ID000NJGLM4,0.0066940007,0.010046567
20141030,10:00:00.000,ID000NK6KD4,0.0062344465,0.0066422014
20141030,10:00:00.000,ID000NKFQC2,-5.7994894e-05,0.0036773575
20141030,10:00:00.000,ID000NPC987,-0.0002754502,0.0045745997
20141030,10:00:00.000,ID000NQV2C4,-0.0010205462,0.009894997
20141030,10:00:00.000,ID000NQWJL6,0.020510556,0.024057474
20141030,10:00:00.000,ID000NQXR55,-0.004362514,0.009958701
20141030,10:00:00.000,ID000NSV604,-0.013013605,-0.018963248
20141030,10:00:00.000,ID000NSXPT9,-0.0016083786,-0.00066777016
20141030,10:00:00.000,ID000NXY9H6,0.015217776,0.0114406245
20141030,10:00:00.000,ID000P0WDF1,0.006920319,0.011309233
20141030,10:00:00.000,ID000P2BT47,0.00090075855,0.009724096
20141030,10:00:00.000,ID000P3QSP8,0.001008764,0.010117026
20141030,10:00:00.000,ID000P3R5F8,0.0008583745,0.010947637
20141030,10:00:00.000,ID000P48N13,0.009721496,0.01354476
20141030,10:00:00.000,ID000P5DR42,0.0036955837,0.0043302295
20141030,10:00:00.000,ID000P8H737,0.031129245,0.026526952
20141030,10:00:00.000,ID000P8WWS8,0.0105394,0.0020516012
20141030,10:00:00.000,ID000P92ML8,-0.0035324884,-0.009499424
20141030,10:00:00.000,ID000PDCRL7,0.0039590322,0.0070221857
20141030,10:00:00.000,ID000PFYVK0,-0.0065286714,0.00014978576
20141030,10:00:00.000,ID000PG2G17,0.00093003985,0.0038126456
20141030,10:00:00.000,ID000PJ8DQ5,-0.006328929,-0.00084890274
20141030,10:00:00.000,ID000PK8MG3,-0.001955289,0.015381166
20141030,10:00:00.000,ID000PKFQD9,-0.004572026,0.0030581027
20141030,10:00:00.000,ID000PLZQH1,-0.0015653687,0.010459004
20141030,10:00:00.000,ID000PM1X36,0.002233954,-8.1490725e-09
20141030,10:00:00.000,ID000PM21L5,0.0019793482,0.016050806
20141030,10:00:00.000,ID000PN3YM9,-0.0021600737,0.0060904026
20141030,10:00:00.000,ID000PP58Y6,-0.004676218,-0.003044931
20141030,10:00:00.000,ID000PPDXX3,-0.0038900604,0.008021094
20141030,10:00:00.000,ID000PQKTQ0,-0.0026113393,0.0009862629
20141030,10:00:00.000,ID000PRGVZ8,-0.0029756196,0.0004897053
20141030,10:00:00.000,ID000PVLRP3,-0.00077369023,-0.0043393797
20141030,10:00:00.000,ID000PYLP80,-0.0017442462,-0.0016639135
20141030,10:00:00.000,ID000Q4S289,-0.00036971117,0.0035920541
20141030,10:00:00.000,ID000Q5VT38,-0.0033955052,-0.0019842882
20141030,10:00:00.000,ID000Q64F54,0.0027566366,0.012736841
20141030,10:00:00.000,ID000Q7BSQ3,-0.004987224,-0.0038239448
20141030,10:00:00.000,ID000Q7RWP8,0.0016709801,-0.0046091867
20141030,10:00:00.000,ID000Q94ZV5,-0.0030099042,-0.0001284714
20141030,10:00:00.000,ID000Q9TVP4,-0.004703287,-0.005787452
20141030,10:00:00.000,ID000QC7FM9,-0.028540097,-0.040080562
20141030,10:00:00.000,ID000QCSZR7,0.0024992034,0.0042963685
20141030,10:00:00.000,ID000QDC320,0.0038635014,0.0067300852
20141030,10:00:00.000,ID000QDCWV4,0.002495022,-0.0015694147
20141030,10:00:00.000,ID000QF8XR7,-0.013806537,-0.017687384
20141030,10:00:00.000,ID000QGZPH3,-0.0073279818,0.0006001238
20141030,10:00:00.000,ID000QH2MN7,0.026155885,0.048829116
20141030,10:00:00.000,ID000QJ5PT7,-0.016032724,-0.01829009
20141030,10:00:00.000,ID000QLKZD0,0.014847862,0.019974165
20141030,10:00:00.000,ID000QLTYJ8,-0.006358712,0.005660573
20141030,10:00:00.000,ID000QMPFL8,0.002112761,0.006618219
20141030,10:00:00.000,ID000QQCVC8,0.011645086,0.022499938
20141030,10:00:00.000,ID000QSDXN7,-0.0017243432,0.00088284124
20141030,10:00:00.000,ID000QTWZ31,-0.00073090347,0.0013746673
20141030,10:00:00.000,ID000QX19J7,5.4761953e-05,-0.004330863
20141030,10:00:00.000,ID000QX7NK8,0.0069824583,0.0029180213
20141030,10:00:00.000,ID000QZSY80,-0.0019761748,-0.00054982514
20141030,10:00:00.000,ID000R0F0X6,-0.0010965295,-0.0007139517
20141030,10:00:00.000,ID000R6BX01,-0.002299076,0.005399652
20141030,10:00:00.000,ID000RG6D72,-0.004004073,0.0006275637
20141030,10:00:00.000,ID000RJ13V6,0.015433747,0.019608434
20141030,10:00:00.000,ID000RJM478,-0.025392918,-0.019791447
20141030,10:00:00.000,ID000RKCLR6,0.009447166,0.012743234
20141030,10:00:00.000,ID000RRRLH6,-0.0023938906,0.010537408
20141030,10:00:00.000,ID000RSPBY9,0.0029974214,0.0073045925
20141030,10:00:00.000,ID000T1FVZ2,-0.00875851,-0.0045576273
20141030,10:00:00.000,ID000TDB8V5,-0.03676763,-0.030178221
20141030,10:00:00.000,ID000TFZP37,-0.0029282426,-0.004017072
20141030,10:00:00.000,ID000TG1N00,0.008944585,0.0059812944
20141030,10:00:00.000,ID000TVW0H5,-0.0017000006,0.012005834
20141030,10:00:00.000,ID000V22RX2,0.025915332,0.042081688
20141030,10:00:00.000,ID000VGFVT3,0.0012366552,0.0045957286
20141030,10:00:00.000,ID000VH0T67,-0.002023656,-0.015504221
20141030,10:00:00.000,ID000W3MPK5,-0.0022025553,0.0026703766
20141030,10:00:00.000,ID000W90780,-0.007491598,0.00034619222
20141030,10:00:00.000,ID0015QF8P3,-0.0011672954,0.0031504324
20141030,10:00:00.000,ID0019WXH85,0.00026529026,0.0018138161
20141030,10:00:00.000,ID001BQZ142,0.03145896,0.030838352
20141030,10:00:00.000,ID001DNWP10,0.006822974,0.012363157
20141030,10:00:00.000,ID001LRJQB4,0.0029058366,0.018088551
20141030,10:00:00.000,ID001MM1KT7,-0.011049754,-0.014647185
20141030,10:00:00.000,ID001MM9Y82,-0.008486183,0.00067764585
20141030,10:00:00.000,ID001P1Z4F4,-0.00088123104,0.0013162172
20141030,10:00:00.000,ID001QCR6S9,-0.009995256,-0.008653474
20141030,10:00:00.000,ID001QXT246,0.002449508,-0.0027719568
20141030,10:00:00.000,ID001QXTNL1,0.00426313,0.0056569194
20141030,10:00:00.000,ID001YN3L81,-0.005240708,-0.007226399
20141030,10:00:00.000,ID0025RP8D1,-0.010045026,-0.019430084
20141030,10:00:00.000,ID0027J63S3,5.8968493e-05,-0.005396926
20141030,10:00:00.000,ID002CR6DZ9,0.003932951,0.0019316764
20141030,10:00:00.000,ID002GJZV45,-0.003258593,0.00754859
20141030,10:00:00.000,ID002YMXRJ3,0.006006934,0.009135019
20141030,10:00:00.000,ID0032JYVT2,-0.0034177005,0.0031764347
20141030,10:00:00.000,ID00337BX36,-0.007900706,-0.005306552
20141030,10:00:00.000,ID0035GLYB2,-0.035766512,-0.038653627
20141030,10:00:00.000,ID003FH03L9,0.0034857194,0.0073789014
20141030,10:00:00.000,ID003G4DHL2,0.009077809,0.008550833
20141030,10:00:00.000,ID003GW1860,-8.536791e-05,0.000743125
20141030,10:00:00.000,ID003T0P9C1,-0.003561599,0.00073713885
20141030,10:00:00.000,ID00423N060,0.011454271,0.012445214
20141030,10:00:00.000,ID0042FK271,0.0055644596,0.013252454
20141030,10:00:00.000,ID00443M586,-0.014247137,-0.009535986
20141030,10:00:00.000,ID00468ZSV3,-0.012497848,-0.003543496
20141030,10:00:00.000,ID004BRWPH0,0.038570307,0.041199714
20141030,10:00:00.000,ID004D7WJX8,0.016361266,0.024267081
20141030,10:00:00.000,ID004V7D7P4,-0.01505499,-0.011305016
20141030,10:00:00.000,ID00563QG65,0.010552846,0.011841788
20141030,10:00:00.000,ID0058141B8,-0.011750808,-0.008968369
20141030,10:00:00.000,ID005CM0YM7,-0.0073856153,-0.0060751727
20141030,10:00:00.000,ID005GBMMQ5,-0.02734504,-0.024434527
20141030,10:00:00.000,ID005KMVVS4,-0.031000543,-0.034861837
20141030,10:00:00.000,ID005KXPQ44,0.0048752553,0.0025525575
20141030,10:00:00.000,ID005PTLS66,0.007773141,0.0075198608
20141030,10:00:00.000,ID005T2C3Z4,0.025379822,0.04227952
20141030,10:00:00.000,ID00639ZL71,0.002557016,0.0055096718
20141030,10:00:00.000,ID0067S6N55,-0.010809912,0.0015865737
20141030,10:00:00.000,ID0068R6WK9,-0.0017390074,0.0010731404
20141030,10:00:00.000,ID006FBWMD7,0.020299716,0.020713085
20141030,10:00:00.000,ID006K4WHT1,0.009076496,0.014293265
20141030,10:00:00.000,ID006KCQPS3,-0.004252382,0.0025006265
20141030,10:00:00.000,ID006MFN039,-0.008755958,0.0003604035
20141030,16:00:00.000,IDZQ0003GF7,-0.014234707,-0.007532153
20141030,16:00:00.000,IDZQ00047M8,0.0020847816,0.0011583965
20141030,16:00:00.000,IDZQ00048R1,0.018057505,0.02471481
20141030,16:00:00.000,IDZQ0005R34,0.0033768355,0.012309112
20141030,16:00:00.000,IDZQ0005SC2,0.011974758,0.013823415
20141030,16:00:00.000,IDZQ0007ZC4,0.024357703,0.011292179
20141030,16:00:00.000,IDZQ0008WW8,-0.00071303936,-0.0027362616
20141030,16:00:00.000,IDZQ0009HH7,-0.0029725407,-0.008766367
20141030,16:00:00.000,IDZQ0009P98,-0.009509262,-0.007108165
20141030,16:00:00.000,IDZQ000BBR6,0.00223168,-0.0015276268
20141030,16:00:00.000,IDZQ000DWM3,0.0052037113,0.008796008
20141030,16:00:00.000,IDZQ000F3R0,0.0038469597,0.0034648108
20141030,16:00:00.000,IDZQ000F6Q4,0.009319557,0.007792989
20141030,16:00:00.000,IDZQ000F8T7,0.00038181624,-0.0040474827
20141030,16:00:00.000,IDZQ000FLJ9,0.0001247182,-2.3574103e-08
20141030,16:00:00.000,IDZQ000KL21,0.0022932994,-0.0059719784
20141030,16:00:00.000,IDZQ000M533,0.009933943,0.012977955
20141030,16:00:00.000,IDZQ000MKV9,-0.024414914,-0.026975138
20141030,16:00:00.000,IDZQ000MVL6,0.07132323,0.079668224
20141030,16:00:00.000,IDZQ000MWP0,0.008131888,0.005367092
20141030,16:00:00.000,IDZQ000PTP4,0.01004748,0.010814297
20141030,16:00:00.000,IDZQ000Q012,0.0048073772,-0.0060026464
20141030,16:00:00.000,IDZQ000QHK4,0.0074406955,-0.011270558
20141030,16:00:00.000,IDZQ000SDR4,-0.0009174572,-0.009241047
20141030,16:00:00.000,IDZQ000VT77,-0.0031689382,-0.008868179
20141030,16:00:00.000,IDZQ000WBV8,-0.0012633643,-0.0017412442
20141030,16:00:00.000,IDZQ000WDG1,0.018667402,0.023590464
20141030,16:00:00.000,IDZQ000WYN7,-0.003927964,0.0035899966
20141030,16:00:00.000,IDZQ000X6D8,-0.0141808605,-0.0105650965
20141030,16:00:00.000,IDZQ000X8Q0,-0.004482352,-0.0008477345
20141030,16:00:00.000,IDZQ000XJ04,-0.006546971,-0.00804076
20141030,16:00:00.000,IDZQ000XSY7,-0.0034177646,-0.0041062804
20141030,16:00:00.000,IDZQ000XWR6,0.009586593,-0.0004161482
20141030,16:00:00.000,IDZQ000Y0W9,0.008556519,0.0062167905
20141030,16:00:00.000,IDZQ000Y3P1,0.00974864,0.010011337
20141030,16:00:00.000,IDZQ000Y7B7,-0.006149692,-0.0074797943
20141030,16:00:00.000,IDZQ000Y8Q9,-0.00798685,-0.013583995
20141030,16:00:00.000,IDZQ000YB91,0.0002602264,-0.0076842736
20141030,16:00:00.000,IDZQ000YDZ8,0.006621057,-0.00585388
20141030,16:00:00.000,IDZQ000YW68,-0.047888983,-0.07511882
20141030,16:00:00.000,IDZQ000Z3V3,0.0013576761,0.008056109
20141030,16:00:00.000,IDZQ000Z3Z9,0.0040418566,-0.0025634929
20141030,16:00:00.000,IDZQ000Z9D0,-0.007469408,0.0022880815
20141030,16:00:00.000,IDZQ000ZKM5,-0.016285785,-0.01778857
20141030,16:00:00.000,IDZQ000ZTH2,-0.0045285765,-0.015400526
20141030,16:00:00.000,ID000BC0991,0.0010187736,0.0019156984
20141030,16:00:00.000,ID000BC0KZ7,0.022608316,0.026796853
20141030,16:00:00.000,ID000BC0QR3,0.0005663133,0.0032826688
20141030,16:00:00.000,ID000BC1099,0.0034756097,0.004055152
20141030,16:00:00.000,ID000BC12C1,0.028639562,0.039081343
20141030,16:00:00.000,ID000BC1543,0.011499803,0.00407433
20141030,16:00:00.000,ID000BC15X1,-0.0059874137,-0.0039017794
20141030,16:00:00.000,ID000BC1801,-0.0040829424,-0.0024627065
20141030,16:00:00.000,ID000BC1FY8,-0.00046456742,0.0068554264
20141030,16:00:00.000,ID000BC1HT0,-0.0027266298,-0.008180714
20141030,16:00:00.000,ID000BC1RY2,-0.013748189,-0.015141755
20141030,16:00:00.000,ID000BC2356,-0.0019192703,-0.013993719
20141030,16:00:00.000,ID000BC3676,-0.0025849575,0.0025482778
20141030,16:00:00.000,ID000BC3SD1,0.013858614,0.011173694
20141030,16:00:00.000,ID000BC3V44,0.0030832689,-0.007813201
20141030,16:00:00.000,ID000BC49N1,-0.002274306,-0.005631034
20141030,16:00:00.000,ID000BC4N05,-0.012462375,-0.016710816
20141030,16:00:00.000,ID000BC4VC4,-0.00011278925,0.003575218
20141030,16:00:00.000,ID000BC4WR6,-0.008092658,0.004093619
20141030,16:00:00.000,ID000BC5TD7,0.0012939138,0.0035112053
20141030,16:00:00.000,ID000BC6K90,-0.050618935,-0.06969232
20141030,16:00:00.000,ID000BC6TT9,-0.042495634,-0.044313043
20141030,16:00:00.000,ID000BC75Z3,-0.014983592,-0.011897621
20141030,16:00:00.000,ID000BC7PK5,0.0015899134,-0.0001897649
20141030,16:00:00.000,ID000BC7QR6,7.959858e-05,-0.015323237
20141030,16:00:00.000,ID000BC7RM9,-0.0045095286,0.0004399412
20141030,16:00:00.000,ID000BC7ZT4,-0.006942064,-0.003639921
20141030,16:00:00.000,ID000BC80Q3,0.028056026,0.031409264
20141030,16:00:00.000,ID000BC8494,-0.0060521583,0.0021272756
20141030,16:00:00.000,ID000BC8564,-1.9301815e-05,0.0059038177
20141030,16:00:00.000,ID000BC85Z2,0.0063464902,0.0099054575
20141030,16:00:00.000,ID000BC8699,-0.005266683,-0.00069485547
20141030,16:00:00.000,ID000BC8831,0.02707215,0.045421846
20141030,16:00:00.000,ID000BC8CB3,0.008376177,0.0077495156
20141030,16:00:00.000,ID000BC8GG9,0.0011509061,0.005527778
20141030,16:00:00.000,ID000BC8JQ2,0.005444508,0.0070328265
20141030,16:00:00.000,ID000BC8MY6,0.012633703,0.0033113575
20141030,16:00:00.000,ID000BC8T44,-0.005552928,-0.004790595
20141030,16:00:00.000,ID000BC9821,-0.004281448,-0.006153825
20141030,16:00:00.000,ID000BC9LX8,-0.0046620406,-0.006438795
20141030,16:00:00.000,ID000BC9P50,-0.016134249,0.00041324843
20141030,16:00:00.000,ID000BC9YD2,-0.007998147,-0.008301141
20141030,16:00:00.000,ID000BC9Z85,0.028932624,0.030570915
20141030,16:00:00.000,ID000BC9ZX7,-0.0020027857,0.00033035502
20141030,16:00:00.000,ID000BCB2K1,0.005363594,0.008572549
20141030,16:00:00.000,ID000BCBT22,0.014266237,-0.00437812
20141030,16:00:00.000,ID000BCCFR4,0.008438081,0.0063815145
20141030,16:00:00.000,ID000BCCK93,0.0019998602,0.0017848597
20141030,16:00:00.000,ID000BCCNC3,-0.0025951478,-0.007661675
20141030,16:00:00.000,ID000BCCRV3,0.0017093868,-0.0053962185
20141030,16:00:00.000,ID000BCD7C7,-0.0031591682,-0.005042295
20141030,16:00:00.000,ID000BCD988,-0.00072632235,-0.0008586992
20141030,16:00:00.000,ID000BCDPP3,-0.003170815,-0.0087045925
20141030,16:00:00.000,ID000BCDYD7,-0.016087074,-0.016263366
20141030,16:00:00.000,ID000BCFRC1,-0.010814139,-0.0081536295
20141030,16:00:00.000,ID000BCFVJ5,0.04319185,0.049470723
20141030,16:00:00.000,ID000BCFY18,-0.019265456,-0.0105853565
20141030,16:00:00.000,ID000BCGSR2,-0.010739639,-0.017034419
20141030,16:00:00.000,ID000BCGVJ4,0.0018446355,-0.0033921264
20141030,16:00:00.000,ID000BCGWQ4,-0.019291462,-0.022178493
20141030,16:00:00.000,ID000BCGY80,0.00026283547,0.015220958
20141030,16:00:00.000,ID000BCH216,-0.009287951,-0.014755238
20141030,16:00:00.000,ID000BCH458,0.015017464,0.017214097
20141030,16:00:00.000,ID000BCHRB0,-0.00859489,0.004792546
20141030,16:00:00.000,ID000BCHVK1,0.0060940357,0.009304921
20141030,16:00:00.000,ID000BCL3M6,0.00060531485,0.003605241
20141030,16:00:00.000,ID000BCLVP1,-0.008988952,0.006474446
20141030,16:00:00.000,ID000BCN0T3,-0.0037755168,-0.004114981
20141030,16:00:00.000,ID000BCNNX8,-0.0022641076,-0.00093122385
20141030,16:00:00.000,ID000BCQ2W2,-0.007943496,-0.0111732
20141030,16:00:00.000,ID000BCQ3H7,0.0023757457,0.018721106
20141030,16:00:00.000,ID000BCR5S9,-0.0049024806,-0.008614328
20141030,16:00:00.000,ID000BCS4S1,0.0074115647,0.0026034175
20141030,16:00:00.000,ID000BCXH60,-0.003330931,-0.006640914
20141030,16:00:00.000,ID000BCYWV8,-0.002023039,-0.00027743718
20141030,16:00:00.000,ID000BCZ519,-0.04865128,-0.052551042
20141030,16:00:00.000,ID000BD0F95,-0.0049371226,-0.0045168833
20141030,16:00:00.000,ID000BD3RV1,-0.0014323657,0.0027344807
20141030,16:00:00.000,ID000BD41Z3,0.001704949,0.009914907
20141030,16:00:00.000,ID000BD4L52,0.013192743,0.007823406
20141030,16:00:00.000,ID000BD4S48,-0.0029385614,-0.019718308
20141030,16:00:00.000,ID000BD53L3,-0.009046513,-0.014022091
20141030,16:00:00.000,ID000BD5B99,0.0065996377,0.003778952
20141030,16:00:00.000,ID000BD5HP8,-0.07786056,-0.08246271
20141030,16:00:00.000,ID000BD5T18,0.0010886835,0.009587046
20141030,16:00:00.000,ID000BD61J9,0.012262798,0.019198023
20141030,16:00:00.000,ID000BD6CZ7,0.0070627388,0.014008765
20141030,16:00:00.000,ID000BD6X18,0.0065223086,0.009424522
20141030,16:00:00.000,ID000BD6ZN9,0.012774388,0.017044764
20141030,16:00:00.000,ID000BD78R4,-0.003706881,-0.003035594
20141030,16:00:00.000,ID000BD7BN1,0.009879559,0.005606059
20141030,16:00:00.000,ID000BD7MQ4,-0.0035252727,0.0020964136
20141030,16:00:00.000,ID000BD7YK4,0.0077568013,0.010299535
20141030,16:00:00.000,ID000BD8BK3,-0.014774862,-0.0022118362
20141030,16:00:00.000,ID000BD8PZ6,0.0056005465,0.010766505
20141030,16:00:00.000,ID000BD8VM7,-0.0044270367,-0.0056072497
20141030,16:00:00.000,ID000BD8XM3,0.006461372,0.010836585
20141030,16:00:00.000,ID000BD9DM6,-0.0024315615,-0.005740919
20141030,16:00:00.000,ID000BD9DR1,0.005153884,0.008427003
20141030,16:00:00.000,ID000BDBL90,0.02648221,0.012897636
20141030,16:00:00.000,ID000BDBZC5,-0.02261104,-0.029538905
20141030,16:00:00.000,ID000BDCBX4,-0.056075815,-0.054090455
20141030,16:00:00.000,ID000BDCH16,-0.0051046163,0.0018437174
20141030,16:00:00.000,ID000BDCKP3,0.02035109,0.025147911
20141030,16:00:00.000,ID000BDCMJ6,0.0025803316,0.0040310468
20141030,16:00:00.000,ID000BDCZY0,0.006738982,0.015197299
20141030,16:00:00.000,ID000BDDQ51,0.015723132,0.007271886
20141030,16:00:00.000,ID000BDDZJ6,0.001007328,0.0046028174
20141030,16:00:00.000,ID000BDFK70,0.00028758388,0.005918949
20141030,16:00:00.000,ID000BDG288,-0.00069215655,0.0038116176
20141030,16:00:00.000,ID000BDH9B8,0.014756231,0.0059423326
20141030,16:00:00.000,ID000BDJ4D5,0.011155618,0.018791577
20141030,16:00:00.000,ID000BDK0S5,0.0034757906,0.008792285
20141030,16:00:00.000,ID000BDK6Y5,-0.007838391,0.0031958711
20141030,16:00:00.000,ID000BDKG46,0.01248389,0.018047195
20141030,16:00:00.000,ID000BDLN40,-0.022841252,-0.026050013
20141030,16:00:00.000,ID000BDLSV9,-0.0093908105,0.0012318338
20141030,16:00:00.000,ID000BDN9L0,0.006099061,0.00663669
20141030,16:00:00.000,ID000BDNCX0,0.003266645,0.011887059
20141030,16:00:00.000,ID000BDNRP6,-0.0023148314,0.0015610596
20141030,16:00:00.000,ID000BDPKH8,-0.005756748,0.0046053748
20141030,16:00:00.000,ID000BDQBV1,0.0039342246,0.011504343
20141030,16:00:00.000,ID000BDQGD0,0.0050993776,0.006694351
20141030,16:00:00.000,ID000BDR7T2,-0.0059952694,0.0029790164
20141030,16:00:00.000,ID000BDSDZ1,-0.004924145,0.0033349055
20141030,16:00:00.000,ID000BDSZX4,0.0068795793,0.0050286828
20141030,16:00:00.000,ID000BDT1M0,0.008705188,0.008449947
20141030,16:00:00.000,ID000BDT426,-0.0095497575,-0.010778826
20141030,16:00:00.000,ID000BDTRH9,-0.0015737698,0.0003710788
20141030,16:00:00.000,ID000BDVFM6,0.0026078909,-0.007701114
20141030,16:00:00.000,ID000BDWPB5,-0.013095439,-0.0023461431
20141030,16:00:00.000,ID000BDWZ69,-0.011129046,-0.011817432
20141030,16:00:00.000,ID000BDX9Q4,0.006375376,0.012403169
20141030,16:00:00.000,ID000BDXB89,0.00073642354,-0.00034407814
20141030,16:00:00.000,ID000BDXKH9,-0.017725222,-0.032746803
20141030,16:00:00.000,ID000BDXYS7,0.015905824,0.013031415
20141030,16:00:00.000,ID000BDY2S6,0.003714538,0.008084924
20141030,16:00:00.000,ID000BDY689,0.0024207484,0.009810208
20141030,16:00:00.000,ID000BDY849,-0.0010374463,0.0051860595
20141030,16:00:00.000,ID000BDYN37,0.010821353,0.016013624
20141030,16:00:00.000,ID000BDYXR9,0.0040008062,0.008568575
20141030,16:00:00.000,ID000BDZHL9,-0.0017752243,0.00019927176
20141030,16:00:00.000,ID000BDZQF6,-0.008263715,-0.020975033
20141030,16:00:00.000,ID000BDZZ11,0.00094490737,0.006253911
20141030,16:00:00.000,ID000BF00N7,-0.0034332206,-0.000112984184
20141030,16:00:00.000,ID000BF0KC5,0.0024313726,-0.015522845
20141030,16:00:00.000,ID000BF0SZ3,-0.0030290822,0.00021631471
20141030,16:00:00.000,ID000BF1421,-0.056282744,-0.05988054
20141030,16:00:00.000,ID000BF1L50,0.013508438,0.01750571
20141030,16:00:00.000,ID000BF1LB3,-0.009588105,-0.0006978611
20141030,16:00:00.000,ID000BF1NP4,0.0048581585,0.003342918
20141030,16:00:00.000,ID000BF1SB8,0.01319442,0.01665338
20141030,16:00:00.000,ID000BF20J0,-0.00677181,-0.011422174
20141030,16:00:00.000,ID000BF21F2,0.030080652,0.03375393
20141030,16:00:00.000,ID000BF29N6,-0.015811563,-0.017410016
20141030,16:00:00.000,ID000BF2DL9,-0.006303933,-0.0026692764
20141030,16:00:00.000,ID000BF2M20,0.004496197,-2.7833448e-07
20141030,16:00:00.000,ID000BF2PM1,-0.036902253,-0.04461716
20141030,16:00:00.000,ID000BF33F7,0.008682388,0.0016551455
20141030,16:00:00.000,ID000BF3RF4,-0.0011487288,-0.016457302
20141030,16:00:00.000,ID000BF46K3,0.026497776,0.008855919
20141030,16:00:00.000,ID000BF4HM7,-0.007530777,-0.0008588594
20141030,16:00:00.000,ID000BF5GH4,0.0013162261,0.0022151326
20141030,16:00:00.000,ID000BF66X7,-0.0012288308,0.00640909
20141030,16:00:00.000,ID000BF69X1,-0.0061408347,-0.0016523872
20141030,16:00:00.000,ID000BF6RX1,-0.017329128,-0.02067699
20141030,16:00:00.000,ID000BF7W87,0.0057994225,0.013150085
20141030,16:00:00.000,ID000BF82S0,-0.07697651,-0.09146852
20141030,16:00:00.000,ID000BF8LY1,0.0038182396,0.0033186607
20141030,16:00:00.000,ID000BF8SM9,-0.019636234,-0.03715667
20141030,16:00:00.000,ID000BF93B5,2.7249358e-05,-0.010715413
20141030,16:00:00.000,ID000BFD9S9,-0.0033253105,-0.0021587643
20141030,16:00:00.000,ID000BFFXZ6,-0.0013738475,0.007886864
20141030,16:00:00.000,ID000BFGNH7,0.022116123,0.019414304
20141030,16:00:00.000,ID000BFKBQ8,-0.0051361313,-0.00042566707
20141030,16:00:00.000,ID000BFL9V6,0.00965104,0.012869605
20141030,16:00:00.000,ID000BFLD92,0.0012272893,-0.0026878617
20141030,16:00:00.000,ID000BFPL36,0.021557707,0.022177253
20141030,16:00:00.000,ID000BFR0X7,0.0028505947,0.006446866
20141030,16:00:00.000,ID000BFT9L9,-0.036264643,-0.04017002
20141030,16:00:00.000,ID000BFW7B0,-0.014135878,-0.016035393
20141030,16:00:00.000,ID000BFYPV6,-0.00083588634,0.012311537
20141030,16:00:00.000,ID000BG2VZ2,0.0029999202,0.0011714229
20141030,16:00:00.000,ID000BG5PH2,0.004218496,0.0047234236
20141030,16:00:00.000,ID000BG7DY8,0.011552067,-0.0016340769
20141030,16:00:00.000,ID000BG9653,0.0036004148,0.007561207
20141030,16:00:00.000,ID000BG97J6,0.005863221,0.008083346
20141030,16:00:00.000,ID000BG9MW8,-0.0015486284,-0.0005076844
20141030,16:00:00.000,ID000BGD890,0.0060694646,-0.0063806274
20141030,16:00:00.000,ID000BGDYZ4,0.014360303,0.0030045079
20141030,16:00:00.000,ID000BGF665,0.004924931,-0.0020699948
20141030,16:00:00.000,ID000BGG8Z8,-0.0042496757,-0.0016757485
20141030,16:00:00.000,ID000BGKM37,0.0038786014,-0.015808107
20141030,16:00:00.000,ID000BGN3C6,0.055367984,0.045468755
20141030,16:00:00.000,ID000BGP5K0,0.007190628,0.0060521155
20141030,16:00:00.000,ID000BGRXM5,-0.009687672,-0.0061588017
20141030,16:00:00.000,ID000BGX6S1,-4.2816293e-05,0.0046826103
20141030,16:00:00.000,ID000BGX8G0,0.008191638,0.008471173
20141030,16:00:00.000,ID000BGXTP4,0.01532534,0.014643335
20141030,16:00:00.000,ID000BH0HG4,0.024726339,0.02808746
20141030,16:00:00.000,ID000BH1TT3,-0.0064726863,-0.001158064
20141030,16:00:00.000,ID000BH2LP3,-0.020485265,-0.013731824
20141030,16:00:00.000,ID000BH2X22,0.004712349,0.00034210828
20141030,16:00:00.000,ID000BH5600,0.0031263346,-0.002098063
20141030,16:00:00.000,ID000BH6SN6,-0.012504698,-0.004995859
20141030,16:00:00.000,ID000BH79M8,-0.008714238,0.0051494595
20141030,16:00:00.000,ID000BHBQ09,-0.0033210167,-0.0005529135
20141030,16:00:00.000,ID000BHHJP2,-0.0008807397,0.007578385
20141030,16:00:00.000,ID000BHK9M3,0.0029370002,0.006673429
20141030,16:00:00.000,ID000BHPQF8,0.006141238,-0.0018589969
20141030,16:00:00.000,ID000BHPST9,-0.002885141,-0.016423257
20141030,16:00:00.000,ID000BHQGZ7,0.001559346,0.007938428
20141030,16:00:00.000,ID000BHWWK1,-0.06926075,-0.08850883
20141030,16:00:00.000,ID000BHX2C5,-0.0123502,-0.01574158
20141030,16:00:00.000,ID000BHXCG9,0.0032379166,-8.4159547e-07
20141030,16:00:00.000,ID000BJ0CP1,-0.0211083,-0.014869233
20141030,16:00:00.000,ID000BJ5VQ3,0.0033047802,-0.0043794014
20141030,16:00:00.000,ID000BJBJM7,0.0058443286,0.008311259
20141030,16:00:00.000,ID000BJKZ32,0.011566873,0.011898909
20141030,16:00:00.000,ID000BJL2Z9,0.0050258823,-0.0057342625
20141030,16:00:00.000,ID000BJNC94,-0.009196858,-0.010919743
20141030,16:00:00.000,ID000BJNP59,-0.005747771,-0.008511683
20141030,16:00:00.000,ID000BJW6Q8,-0.002966519,0.0054591233
20141030,16:00:00.000,ID000BKD1G8,0.007392882,0.014634479
20141030,16:00:00.000,ID000BKD7J2,0.026488986,0.0346191
20141030,16:00:00.000,ID000BKFP37,-0.027487272,-0.02182113
20141030,16:00:00.000,ID000BKH1G4,-0.00561475,-0.0044147824
20141030,16:00:00.000,ID000BKMDB7,-0.007454329,0.0032537852
20141030,16:00:00.000,ID000BKPC35,-0.0049914606,0.016326606
20141030,16:00:00.000,ID000BKTKV2,0.006778044,0.008061541
20141030,16:00:00.000,ID000BL3YQ4,-0.00019768355,-0.006815192
20141030,16:00:00.000,ID000BL4Y74,-0.0020442992,-0.006503092
20141030,16:00:00.000,ID000BL7S92,0.015800785,0.002199721
20141030,16:00:00.000,ID000BLBQW5,0.0062120548,-0.007840899
20141030,16:00:00.000,ID000BLCJ23,0.039648905,0.038021725
20141030,16:00:00.000,ID000BLD1M9,0.017707394,0.0070976773
20141030,16:00:00.000,ID000BLDDC4,0.0079435995,0.010447875
20141030,16:00:00.000,ID000BLGLP9,-0.013138898,-0.010291933
20141030,16:00:00.000,ID000BLHQ59,0.0024963378,0.008476732
20141030,16:00:00.000,ID000BLK9Z0,0.0017780893,6.212597e-05
20141030,16:00:00.000,ID000BLL8D5,0.0011658815,0.0055117374
20141030,16:00:00.000,ID000BLLHB7,0.002250218,-0.019687459
20141030,16:00:00.000,ID000BLTBN9,-0.008416771,-0.00072695635
20141030,16:00:00.000,ID000BLTKZ6,0.011085878,0.005506165
20141030,16:00:00.000,ID000BLV8N3,-0.004519832,0.0009421503
20141030,16:00:00.000,ID000BLW594,0.0093623465,0.0036676691
20141030,16:00:00.000,ID000BLZXN4,0.0008090338,0.00017960554
20141030,16:00:00.000,ID000BM2666,-0.01242078,-0.024609633
20141030,16:00:00.000,ID000BM6HN9,0.002480052,0.0037808064
20141030,16:00:00.000,ID000BM9J25,-0.00025308036,0.006383356
20141030,16:00:00.000,ID000BM9V55,-0.014919302,-0.0074866395
20141030,16:00:00.000,ID000BMCS58,0.001218752,0.0075983573
20141030,16:00:00.000,ID000BMDJJ2,0.0020614306,0.003284543
20141030,16:00:00.000,ID000BMJCK9,0.0017214632,-0.005128652
20141030,16:00:00.000,ID000BMJGN7,0.01721219,0.017978411
20141030,16:00:00.000,ID000BMLDR7,0.02232476,0.008666994
20141030,16:00:00.000,ID000BMLWY7,0.00079477084,0.0027385696
20141030,16:00:00.000,ID000BMP3T3,-0.00429052,0.012547433
20141030,16:00:00.000,ID000BMPT07,-0.008831688,0.0018710307
20141030,16:00:00.000,ID000BMQRH2,-0.007033432,-0.0019859308
20141030,16:00:00.000,ID000BMT5N0,-0.0010300144,0.0021167626
20141030,16:00:00.000,ID000BMV1Z3,0.03465646,0.02739861
20141030,16:00:00.000,ID000BMVWD9,0.006982952,0.0037084764
20141030,16:00:00.000,ID000BMW3R7,-0.0063431794,-0.008329228
20141030,16:00:00.000,ID000BMWHC2,-0.01130056,-0.0072666397
20141030,16:00:00.000,ID000BMWK62,-0.007828732,-0.004700006
20141030,16:00:00.000,ID000BMX6S8,-0.00030180032,0.0043390254
20141030,16:00:00.000,ID000BMXF26,0.02669312,0.006950876
20141030,16:00:00.000,ID000BMZ8K0,0.0044156606,-0.0010935614
20141030,16:00:00.000,ID000BMZMX5,0.0075874035,0.0048219096
20141030,16:00:00.000,ID000BN08S8,-0.0020787383,0.005185237
20141030,16:00:00.000,ID000BN0P46,0.011553301,0.0075227786
20141030,16:00:00.000,ID000BN1RD1,0.014319125,0.012156304
20141030,16:00:00.000,ID000BN6DP4,-0.0045931954,-0.007436433
20141030,16:00:00.000,ID000BN71Y9,-0.022093562,-0.033614133
20141030,16:00:00.000,ID000BN7570,0.0050577614,0.0026615686
20141030,16:00:00.000,ID000BNP1C3,-0.0011250441,-0.0065160235
20141030,16:00:00.000,ID000BNP507,-0.0023561397,0.006952932
20141030,16:00:00.000,ID000BNP5M3,0.0014010282,0.0073333243
20141030,16:00:00.000,ID000BNV243,-0.0014707724,0.011340361
20141030,16:00:00.000,ID000BNZT31,-0.0055308403,-0.0015902711
20141030,16:00:00.000,ID000BP01L5,-0.006201313,-0.0021154538
20141030,16:00:00.000,ID000BP5GK8,-0.0053714016,-0.0033798758
20141030,16:00:00.000,ID000BP72Q1,-0.0040876083,-0.0018030624
20141030,16:00:00.000,ID000BPCK94,-0.001236292,-0.0033015143
20141030,16:00:00.000,ID000BPFPK7,-0.0012532161,-0.003686994
20141030,16:00:00.000,ID000BPMLL7,0.010536081,0.0019060443
20141030,16:00:00.000,ID000BPMS69,-0.009765971,-0.0047608735
20141030,16:00:00.000,ID000BPQF36,-0.0035409054,-0.0030663472
20141030,16:00:00.000,ID000BPVN88,-0.018496849,-0.026944607
20141030,16:00:00.000,ID000BPWG46,0.015507152,0.019174408
20141030,16:00:00.000,ID000BPXH52,-0.008182324,-0.006193194
20141030,16:00:00.000,ID000BPY717,0.0005766219,0.00060353364
20141030,16:00:00.000,ID000BPYXW6,-0.016846094,-0.017511254
20141030,16:00:00.000,ID000BQ25Z7,0.013524747,0.005358476
20141030,16:00:00.000,ID000BQ49H7,-0.00026413964,-0.008942937
20141030,16:00:00.000,ID000BQ4CR9,0.014407454,0.0053830226
20141030,16:00:00.000,ID000BQ5YC6,-0.010679122,-0.009208868
20141030,16:00:00.000,ID000BQ5YP2,-0.006749215,-0.025802068
20141030,16:00:00.000,ID000BQB1D0,-0.013037607,-0.007959411
20141030,16:00:00.000,ID000BQCGM6,0.002859291,0.0041278875
20141030,16:00:00.000,ID000BQGTY1,-0.016847828,-0.016764378
20141030,16:00:00.000,ID000BQHGF9,-0.0028035867,-0.004341415
20141030,16:00:00.000,ID000BQM8C4,0.008708778,0.0111682685
20141030,16:00:00.000,ID000BQNK27,0.010725858,0.005262346
20141030,16:00:00.000,ID000BQNKM5,-0.011883007,-0.0060313083
20141030,16:00:00.000,ID000BQPF08,-0.0075605265,-0.0002428586
20141030,16:00:00.000,ID000BQRZX6,-0.0065153195,-0.0013580015
20141030,16:00:00.000,ID000BQXJ29,-0.001804022,0.00028065327
20141030,16:00:00.000,ID000BQXQP8,-0.003905895,-0.002964897
20141030,16:00:00.000,ID000BQY715,-0.0080387825,-0.011440329
20141030,16:00:00.000,ID000BR0GF5,-0.0024581195,-0.008248786
20141030,16:00:00.000,ID000BR3YL6,0.0002938328,0.004443388
20141030,16:00:00.000,ID000BR5SD6,0.01520567,0.017998314
20141030,16:00:00.000,ID000BR7M47,0.0013594098,-0.008697588
20141030,16:00:00.000,ID000BR8552,0.01609924,0.014856521
20141030,16:00:00.000,ID000BRFCC1,0.007884564,0.007880572
20141030,16:00:00.000,ID000BRJTZ5,-0.0066988515,-0.001974247
20141030,16:00:00.000,ID000BRMNW7,0.020419851,0.028655196
20141030,16:00:00.000,ID000BRP3G6,-0.00843136,-0.0029396582
20141030,16:00:00.000,ID000BRS7L8,0.056780066,0.04020163
20141030,16:00:00.000,ID000BRVG61,-0.006045874,0.002794737
20141030,16:00:00.000,ID000BRX5L6,0.004217748,0.0115643265
20141030,16:00:00.000,ID000BRYT24,0.0035484913,0.010557088
20141030,16:00:00.000,ID000BS1MT4,0.0019555336,7.9411286e-05
20141030,16:00:00.000,ID000BS1P17,-0.008215065,-0.0122257
20141030,16:00:00.000,ID000BS3BJ7,-0.013375293,-0.018315896
20141030,16:00:00.000,ID000BS3KW2,-0.0041618114,-0.019835608
20141030,16:00:00.000,ID000BS3YF1,-0.0031955584,0.00019460791
20141030,16:00:00.000,ID000BS4XB6,-0.00852925,0.0018896218
20141030,16:00:00.000,ID000BS5F15,-0.00049700815,0.001756629
20141030,16:00:00.000,ID000BS64Z2,0.005134801,0.0030582617
20141030,16:00:00.000,ID000BS67L0,0.0021628537,0.0052603553
20141030,16:00:00.000,ID000BS6936,-0.00056371227,-0.0024924395
20141030,16:00:00.000,ID000BSCY61,-0.001550411,-0.0027748207
20141030,16:00:00.000,ID000BSDBR7,-0.004690934,-0.0041862647
20141030,16:00:00.000,ID000BSFTZ7,0.007482417,-0.0032569144
20141030,16:00:00.000,ID000BSJVR7,-0.0040467805,-0.0037816176
20141030,16:00:00.000,ID000BSK6S9,0.0058414307,0.009212207
20141030,16:00:00.000,ID000BSNX70,0.00073803664,0.0059005907
20141030,16:00:00.000,ID000BSP5X0,-0.012052476,-0.0041684466
20141030,16:00:00.000,ID000BSV6W2,0.0015460524,0.0024387473
20141030,16:00:00.000,ID000BSX0W3,-0.0031778258,-0.0011554707
20141030,16:00:00.000,ID000BSXH38,0.024654275,0.012295218
20141030,16:00:00.000,ID000BT0ZM1,0.007464147,0.012598743
20141030,16:00:00.000,ID000BTBVC9,0.004358547,0.0013199311
20141030,16:00:00.000,ID000BTG0S5,0.018456494,0.014838641
20141030,16:00:00.000,ID000BTHT38,-0.013128695,-0.009972301
20141030,16:00:00.000,ID000BTPZ35,0.0140319085,0.008135932
20141030,16:00:00.000,ID000BTT6G1,0.002337212,0.0056005474
20141030,16:00:00.000,ID000BTZX93,-0.010699261,-0.0048016566
20141030,16:00:00.000,ID000BV1FV9,0.0018842295,0.0045144856
20141030,16:00:00.000,ID000BV2V61,-0.0021391863,-0.006634077
20141030,16:00:00.000,ID000BV7WV6,-0.010380648,-0.01105836
20141030,16:00:00.000,ID000BV96H7,-0.018742165,-0.016253132
20141030,16:00:00.000,ID000BVCK82,-0.019122249,-0.030356763
20141030,16:00:00.000,ID000BVDZV2,-0.008680382,-0.0009721296
20141030,16:00:00.000,ID000BVGMQ4,0.0014189063,-0.017445752
20141030,16:00:00.000,ID000BVGYM2,-9.558246e-05,-0.0018364659
20141030,16:00:00.000,ID000BVPSS9,0.00047898368,-0.0003850282
20141030,16:00:00.000,ID000BVPZL0,0.0069925673,0.0051993015
20141030,16:00:00.000,ID000BVQZ75,0.011658296,0.017644769
20141030,16:00:00.000,ID000BVTMG1,0.0044669826,-0.0017559592
20141030,16:00:00.000,ID000BVXBW2,-0.006627508,-0.0039892206
20141030,16:00:00.000,ID000BW1RD1,0.003533398,0.0028753234
20141030,16:00:00.000,ID000BW30J2,-0.013606741,-0.008145787
20141030,16:00:00.000,ID000BW4519,-0.0022471664,0.0032832923
20141030,16:00:00.000,ID000BW4QS4,-0.0047677867,-0.0011035004
20141030,16:00:00.000,ID000BW6697,-0.00617565,-0.00930027
20141030,16:00:00.000,ID000BWBBF3,-0.0012826954,0.009807779
20141030,16:00:00.000,ID000BWF7C1,-0.009163149,-0.027039208
20141030,16:00:00.000,ID000BWH908,-0.0050725,0.010435634
20141030,16:00:00.000,ID000BWHXN0,-0.025237948,-0.025558777
20141030,16:00:00.000,ID000BWKSN7,0.014515853,0.0034938413
20141030,16:00:00.000,ID000BWPGB1,0.0009117455,0.010924421
20141030,16:00:00.000,ID000BWPKS4,-0.0020526429,-0.00067295274
20141030,16:00:00.000,ID000BWQ506,0.0013560323,0.011384271
20141030,16:00:00.000,ID000BWR6R4,0.01867837,0.023632843
20141030,16:00:00.000,ID000BWYKD0,-0.0011497806,-0.0026943253
20141030,16:00:00.000,ID000BWZDP2,0.005616682,0.0057488536
20141030,16:00:00.000,ID000BX25G3,0.00013647594,-0.00052721554
20141030,16:00:00.000,ID000BX2SH2,2.384184e-05,0.0067027807
20141030,16:00:00.000,ID000BX4S53,-0.0026968569,-6.9975176e-05
20141030,16:00:00.000,ID000BX7J69,0.004985216,0.007898247
20141030,16:00:00.000,ID000BX9VY9,0.0010810706,-0.003968441
20141030,16:00:00.000,ID000BXF9J8,0.008421224,0.011539569
20141030,16:00:00.000,ID000BXH3S9,-0.019317433,-0.015927916
20141030,16:00:00.000,ID000BXJSZ4,0.006526822,0.011363767
20141030,16:00:00.000,ID000BXNGD9,-0.017993428,-0.030794043
20141030,16:00:00.000,ID000BXPWF0,-0.008510155,0.002406047
20141030,16:00:00.000,ID000BXRMP9,-0.0003927994,0.0023086583
20141030,16:00:00.000,ID000BY20V5,0.0028564336,0.0004251496
20141030,16:00:00.000,ID000BYLHP4,0.002305615,-0.018200727
20141030,16:00:00.000,ID000BYVJ33,-0.008583018,-0.012351159
20141030,16:00:00.000,ID000BYWWW1,0.008007711,0.0057860725
20141030,16:00:00.000,ID000BZ1Z64,0.027616397,0.03465873
20141030,16:00:00.000,ID000BZ6048,0.0035208296,0.0022691581
20141030,16:00:00.000,ID000BZG270,-0.005136949,0.0024832436
20141030,16:00:00.000,ID000BZT267,0.003716309,0.005831378
20141030,16:00:00.000,ID000BZWM96,-0.00902755,-0.024712343
20141030,16:00:00.000,ID000BZYRS2,-0.0010900772,-0.008899776
20141030,16:00:00.000,ID000BZZ7W0,-0.0040440103,-0.0015511848
20141030,16:00:00.000,ID000BZZK79,-0.0038753827,0.009952318
20141030,16:00:00.000,ID000C01V14,0.00085922505,0.00044416555
20141030,16:00:00.000,ID000C02Z87,0.0043050437,0.004160938
20141030,16:00:00.000,ID000C03WJ1,-0.0024814135,-0.01775848
20141030,16:00:00.000,ID000C04CZ6,0.016055133,0.013328117
20141030,16:00:00.000,ID000C04FX1,0.0060811485,0.0018178629
20141030,16:00:00.000,ID000C059M6,0.0029994396,-0.0059672976
20141030,16:00:00.000,ID000C05R19,-0.02614515,-0.02419278
20141030,16:00:00.000,ID000C0LH31,-0.009403828,-0.0008509659
20141030,16:00:00.000,ID000C0M876,-0.0009697871,-0.0048616845
20141030,16:00:00.000,ID000C0TD50,-0.0012941342,-0.0018258846
20141030,16:00:00.000,ID000C0V0Z2,-0.00050792703,-0.007322633
20141030,16:00:00.000,ID000C0XM55,-0.0076907063,-0.033554852
20141030,16:00:00.000,ID000C0YDJ9,-0.0046180673,0.010787376
20141030,16:00:00.000,ID000C0YGB0,-0.001153828,0.012818966
20141030,16:00:00.000,ID000C1HSN8,-0.007099322,0.007396373
20141030,16:00:00.000,ID000C1M473,0.013903808,0.00849042
20141030,16:00:00.000,ID000C1PN69,0.01147,0.0110125085
20141030,16:00:00.000,ID000C1Q594,0.0019494689,0.0013274032
20141030,16:00:00.000,ID000C1R478,0.011719561,0.03102801
20141030,16:00:00.000,ID000C1R619,0.14161503,0.14524719
20141030,16:00:00.000,ID000C1V3Z4,-0.04519949,-0.059101
20141030,16:00:00.000,ID000C1W6R5,-0.0011569594,0.0008076589
20141030,16:00:00.000,ID000C1Y6Q4,0.013990016,0.019296251
20141030,16:00:00.000,ID000C20331,-0.005632017,-0.010329507
20141030,16:00:00.000,ID000C21KV1,-0.00023875062,0.00662666
20141030,16:00:00.000,ID000C21XN2,0.0019161451,-0.010043921
20141030,16:00:00.000,ID000C22V73,0.0061075776,0.0071363626
20141030,16:00:00.000,ID000C2C436,0.0051577087,0.012556812
20141030,16:00:00.000,ID000C2DQK7,-0.007661086,-0.0045830933
20141030,16:00:00.000,ID000C2HXV6,-0.008516107,-0.015921392
20141030,16:00:00.000,ID000C2QN48,-0.020550013,-0.048070226
20141030,16:00:00.000,ID000C2V319,-0.00036123538,-0.00088643876
20141030,16:00:00.000,ID000C2V6W8,0.0063153263,-0.0014356223
20141030,16:00:00.000,ID000C2VSX9,0.0056145964,-0.0065279705
20141030,16:00:00.000,ID000C2WYY4,0.012534084,0.0056690723
20141030,16:00:00.000,ID000C30552,-0.0260139,-0.043802682
20141030,16:00:00.000,ID000C34K73,0.0055978843,0.0022920119
20141030,16:00:00.000,ID000C37MN8,-0.006556736,0.0026024373
20141030,16:00:00.000,ID000C38N82,-0.0004015921,-0.0009701145
20141030,16:00:00.000,ID000C3J4X4,0.011615065,0.013131548
20141030,16:00:00.000,ID000C3M059,0.0029730736,0.0055591958
20141030,16:00:00.000,ID000C3SMF4,-0.010506731,-0.009289961
20141030,16:00:00.000,ID000C3SMJ0,-0.11858747,-0.13910544
20141030,16:00:00.000,ID000C3VX11,0.008227767,0.003744892
20141030,16:00:00.000,ID000C3VY28,0.009074213,0.008948335
20141030,16:00:00.000,ID000C3YBM3,0.022349544,0.039012082
20141030,16:00:00.000,ID000C400W1,0.037803188,0.033942975
20141030,16:00:00.000,ID000C41NX9,0.011413117,0.012903854
20141030,16:00:00.000,ID000C41VP0,-0.00539023,-0.0011151657
20141030,16:00:00.000,ID000C4DNY5,-0.003373615,-0.00630479
20141030,16:00:00.000,ID000C4K9S5,-0.004160917,-0.009765092
20141030,16:00:00.000,ID000C4W9D8,-0.0046854513,-0.0013545045
20141030,16:00:00.000,ID000C5XT13,-0.00060189195,0.00129605
20141030,16:00:00.000,ID000C68VC2,0.011606985,0.027030647
20141030,16:00:00.000,ID000C6K5W3,-0.001835916,0.0029146876
20141030,16:00:00.000,ID000C6XDQ9,-0.023916658,-0.018053688
20141030,16:00:00.000,ID000C8L0S4,-0.0024981184,-0.002685683
20141030,16:00:00.000,ID000CBQ7S7,-0.027051741,-0.042238876
20141030,16:00:00.000,ID000CBZN20,0.032432877,0.037154675
20141030,16:00:00.000,ID000CC2BV8,0.009984776,0.009456826
20141030,16:00:00.000,ID000CCVZZ9,-0.010417169,-0.005051922
20141030,16:00:00.000,ID000CCYKT6,-0.00010843061,0.010636316
20141030,16:00:00.000,ID000CDZNC5,-0.005180404,0.0009956657
20141030,16:00:00.000,ID000CGDKG4,0.015603267,0.018579023
20141030,16:00:00.000,ID000CGWPH1,-0.009693876,-0.00070095045
20141030,16:00:00.000,ID000CHWG16,-0.0018027636,-0.007017497
20141030,16:00:00.000,ID000CK4S96,0.0019153621,0.008107289
20141030,16:00:00.000,ID000CKDZV5,0.002157395,0.0075000697
20141030,16:00:00.000,ID000CKYDB3,-0.0009065673,-0.0025131619
20141030,16:00:00.000,ID000CLKVQ0,0.009958594,0.012461683
20141030,16:00:00.000,ID000CMY116,-0.003265368,-0.0027542203
20141030,16:00:00.000,ID000CNV8Z5,-0.009240522,-0.006244816
20141030,16:00:00.000,ID000CP20R8,-0.013163398,-0.0038653666
20141030,16:00:00.000,ID000CPBD63,0.0034895728,0.001309449
20141030,16:00:00.000,ID000CPGFC6,-0.001033228,-0.00118003
20141030,16:00:00.000,ID000CPGPH9,-0.001566458,0.0006152899
20141030,16:00:00.000,ID000CQPKC3,-8.506948e-05,-0.008190429
20141030,16:00:00.000,ID000CRQVF3,0.004188638,0.0017850414
20141030,16:00:00.000,ID000CSHJ86,-0.011126721,-0.010191398
20141030,16:00:00.000,ID000CSHL18,-0.012203566,-0.009697518
20141030,16:00:00.000,ID000CT5G92,-0.007988389,0.0014313299
20141030,16:00:00.000,ID000CTSXY2,-0.006135151,-0.0038075838
20141030,16:00:00.000,ID000CTT0J0,-0.0075034387,-0.005909759
20141030,16:00:00.000,ID000CVSV53,0.0039747246,0.0012592715
20141030,16:00:00.000,ID000CWMDK0,0.00066077145,-0.002495586
20141030,16:00:00.000,ID000CYR5S0,-0.010593397,-0.0043669194
20141030,16:00:00.000,ID000D03WR1,-0.0024676784,0.0089460425
20141030,16:00:00.000,ID000D0H0S5,0.004285889,0.0033237163
20141030,16:00:00.000,ID000D16BC8,0.013589466,0.016227152
20141030,16:00:00.000,ID000D1FGT9,0.004489988,0.013482944
20141030,16:00:00.000,ID000D2PYX2,0.006742361,0.008330731
20141030,16:00:00.000,ID000D32Q35,0.0033004154,-0.018340658
20141030,16:00:00.000,ID000D54HT0,-0.0022813987,-0.0054755406
20141030,16:00:00.000,ID000D8KQ89,0.0020164899,0.00062929076
20141030,16:00:00.000,ID000D9L3W0,-6.818392e-05,-0.00018475333
20141030,16:00:00.000,ID000D9T3K5,0.01639027,0.010796259
20141030,16:00:00.000,ID000DBNN31,0.00081474066,0.008371243
20141030,16:00:00.000,ID000DCK8W3,-0.008306716,-0.0009674133
20141030,16:00:00.000,ID000DD3GQ9,-0.013550135,-0.014722053
20141030,16:00:00.000,ID000DD5WS0,0.015213098,0.02479647
20141030,16:00:00.000,ID000DDXHG5,0.010070863,0.004604143
20141030,16:00:00.000,ID000DHXQT2,0.014907652,0.008235192
20141030,16:00:00.000,ID000DM2M32,0.003994565,0.006213574
20141030,16:00:00.000,ID000DM6PM0,-0.0026777766,0.0013223229
20141030,16:00:00.000,ID000DMFMD7,-0.017747428,-0.0072492994
20141030,16:00:00.000,ID000DMZS88,0.004538154,0.004382592
20141030,16:00:00.000,ID000DPM8Q9,-0.00015686198,0.008668677
20141030,16:00:00.000,ID000DQ77T3,0.02405669,0.021454513
20141030,16:00:00.000,ID000DQ7TG9,-0.011470628,-0.008824298
20141030,16:00:00.000,ID000DQFHQ5,-0.0026341157,-0.0011319473
20141030,16:00:00.000,ID000DQSH27,0.000808295,0.00245564
20141030,16:00:00.000,ID000DVJ5K2,0.0041161585,0.0076397094
20141030,16:00:00.000,ID000DW75D1,-0.019520653,-0.008449539
20141030,16:00:00.000,ID000DX14M8,0.0020387673,-0.0013846493
20141030,16:00:00.000,ID000DXH432,0.0038000022,0.010844896
20141030,16:00:00.000,ID000DYF655,0.011132883,0.012753388
20141030,16:00:00.000,ID000DZ5L87,-0.0018006001,0.0005182985
20141030,16:00:00.000,ID000DZG349,0.005636117,-0.012659829
20141030,16:00:00.000,ID000F09217,0.0020069836,0.0052953996
20141030,16:00:00.000,ID000F45Y40,-0.018418128,-0.02236547
20141030,16:00:00.000,ID000F4LHP6,0.008521008,-0.0056127603
20141030,16:00:00.000,ID000F5L3Q3,0.108421154,0.12068802
20141030,16:00:00.000,ID000F5P2F3,-0.020063594,-0.00946691
20141030,16:00:00.000,ID000F6L4Q9,-0.0025331571,-0.010353783
20141030,16:00:00.000,ID000F79RP1,0.014436155,0.017413175
20141030,16:00:00.000,ID000F7KW95,-0.0020402342,-0.007668638
20141030,16:00:00.000,ID000F8TYC6,0.0414796,0.054944288
20141030,16:00:00.000,ID000F93K14,0.0063079353,0.013960652
20141030,16:00:00.000,ID000FBCLZ0,-0.01209481,-0.011428003
20141030,16:00:00.000,ID000FD8FS2,0.00242713,0.006006236
20141030,16:00:00.000,ID000FDL8Z5,-0.0007717677,-0.004665382
20141030,16:00:00.000,ID000FG1LV5,-0.0036367327,0.012691
20141030,16:00:00.000,ID000FHZ630,-0.0056835455,-0.006602106
20141030,16:00:00.000,ID000FHZBB0,0.0017676068,0.00064173946
20141030,16:00:00.000,ID000FJH6R0,-0.0011110388,-0.009556539
20141030,16:00:00.000,ID000FMPVW3,-0.011817707,-0.002507875
20141030,16:00:00.000,ID000FNBYB3,0.0056663505,-7.676135e-08
20141030,16:00:00.000,ID000FNNYL9,0.0041339505,0.010846704
20141030,16:00:00.000,ID000FQS3G1,0.017378414,0.008752983
20141030,16:00:00.000,ID000FR1Q22,-0.011823912,-0.019818297
20141030,16:00:00.000,ID000FV67D8,0.0072930628,0.0071741426
20141030,16:00:00.000,ID000FWSVR4,-0.0062503987,-0.00575626
20141030,16:00:00.000,ID000FX2H28,-0.021166997,-0.016529467
20141030,16:00:00.000,ID000FYX2H9,0.0040405123,0.011359859
20141030,16:00:00.000,ID000FZV4R3,0.025920998,0.014338735
20141030,16:00:00.000,ID000G1VQF1,-0.0006239707,-0.000745831
20141030,16:00:00.000,ID000G4KJC6,0.016057743,0.015155561
20141030,16:00:00.000,ID000G6J4S9,-0.004555535,0.0029570078
20141030,16:00:00.000,ID000G9LML7,-0.008444444,-0.017467009
20141030,16:00:00.000,ID000GB7900,0.0009685198,-0.0056083202
20141030,16:00:00.000,ID000GFPVK0,-0.000806042,-0.004507157
20141030,16:00:00.000,ID000GLT0J3,0.0069576255,-0.006010454
20141030,16:00:00.000,ID000GM5V54,-0.00086239044,0.00071732595
20141030,16:00:00.000,ID000GM9C07,0.028129317,0.029408397
20141030,16:00:00.000,ID000GP1HQ9,-0.0043666004,0.008708338
20141030,16:00:00.000,ID000GQH568,0.0003464339,0.0023079521
20141030,16:00:00.000,ID000GSDST3,0.0077340784,0.0032181796
20141030,16:00:00.000,ID000GVXBH4,-0.00978576,-0.008041676
20141030,16:00:00.000,ID000GY6V57,0.0010572633,0.008345956
20141030,16:00:00.000,ID000GZ0GF2,0.002764532,0.003793768
20141030,16:00:00.000,ID000H291V0,-0.005263447,0.004966335
20141030,16:00:00.000,ID000H2BF55,0.011597005,0.00865902
20141030,16:00:00.000,ID000H461C0,0.011619132,0.015455304
20141030,16:00:00.000,ID000H4S5W5,-0.0034161543,-0.018082784
20141030,16:00:00.000,ID000H50NB6,0.001142491,0.006082817
20141030,16:00:00.000,ID000H729M9,-0.01524984,-0.012357433
20141030,16:00:00.000,ID000H7G3V7,0.00037467614,0.0020959054
20141030,16:00:00.000,ID000H90QG6,-0.01250274,-0.018589674
20141030,16:00:00.000,ID000HF3Y54,-0.0020171797,-0.0012238207
20141030,16:00:00.000,ID000HFPD29,-0.0045297295,-0.0031487597
20141030,16:00:00.000,ID000HH0HR6,0.0005679224,0.0024570818
20141030,16:00:00.000,ID000HHBQD9,0.009300795,0.009411738
20141030,16:00:00.000,ID000HHH3S8,0.010762417,0.012712909
20141030,16:00:00.000,ID000HJTKL0,-0.0018068006,-0.00668481
20141030,16:00:00.000,ID000HKMFG1,-0.004805689,-0.0064813155
20141030,16:00:00.000,ID000HL0067,0.007683499,0.004951535
20141030,16:00:00.000,ID000HST070,-0.005438586,-0.005736926
20141030,16:00:00.000,ID000HT2H25,0.0031571905,0.005707065
20141030,16:00:00.000,ID000HW0214,0.007267774,0.016964134
20141030,16:00:00.000,ID000HXJ2N8,0.0005528653,0.00623438
20141030,16:00:00.000,ID000J355C2,-0.010494881,-0.0027818272
20141030,16:00:00.000,ID000J93ZS8,-0.004371349,-0.0055772234
20141030,16:00:00.000,ID000J9PL96,0.00237989,-0.019987736
20141030,16:00:00.000,ID000JDLX22,-0.0020666935,0.003323947
20141030,16:00:00.000,ID000JKR6K9,-0.0005463946,0.0031257307
20141030,16:00:00.000,ID000JM9929,0.080921255,0.059121165
20141030,16:00:00.000,ID000JN9C93,0.0041728206,0.0097206
20141030,16:00:00.000,ID000JNDVB3,0.005205683,2.8216164e-07
20141030,16:00:00.000,ID000JT2P43,0.0010005403,0.009434899
20141030,16:00:00.000,ID000JX4JW5,-0.0062028696,-0.0011540207
20141030,16:00:00.000,ID000K00HV4,0.015138497,0.02155165
20141030,16:00:00.000,ID000K2DLL8,0.005263086,-6.6132634e-07
20141030,16:00:00.000,ID000K65GY5,-0.0026691714,-0.007115196
20141030,16:00:00.000,ID000K79NK9,-0.016367583,-0.024178954
20141030,16:00:00.000,ID000KDG6T6,0.008414652,0.01113828
20141030,16:00:00.000,ID000KJS3T7,-0.010290461,-0.015219079
20141030,16:00:00.000,ID000KL72Y1,-0.0179399,-0.021825397
20141030,16:00:00.000,ID000KR9YG6,0.0053278753,0.002632893
20141030,16:00:00.000,ID000KVBD43,-0.03685985,-0.053459104
20141030,16:00:00.000,ID000KXQMX1,-0.013602146,-0.0056109685
20141030,16:00:00.000,ID000KXS3S7,-0.007846162,0.0005164432
20141030,16:00:00.000,ID000L0JMY9,-0.001143459,-0.005589484
20141030,16:00:00.000,ID000L6W5T4,-0.08261774,-0.08507965
20141030,16:00:00.000,ID000LCKBR3,0.0011469036,-0.0016401614
20141030,16:00:00.000,ID000LCRBK3,-0.00035543388,0.006788228
20141030,16:00:00.000,ID000LHT3W5,0.043437105,0.04414489
20141030,16:00:00.000,ID000LW3MC0,0.003738646,0.0061086896
20141030,16:00:00.000,ID000LXHQ25,-0.00955951,-0.021987654
20141030,16:00:00.000,ID000M2VPB8,-0.004317311,-0.005900225
20141030,16:00:00.000,ID000M3HZF6,-0.0012270709,-0.00043711532
20141030,16:00:00.000,ID000M3SN89,-0.02471812,-0.027974809
20141030,16:00:00.000,ID000MDN4R3,0.007996013,0.004299785
20141030,16:00:00.000,ID000MF6B19,0.0103487875,-0.010343009
20141030,16:00:00.000,ID000MFRDQ5,0.0022881487,0.0085752485
20141030,16:00:00.000,ID000MJGT84,-0.000835373,0.002543196
20141030,16:00:00.000,ID000MLFDZ5,-0.0065122587,0.00045217964
20141030,16:00:00.000,ID000MLT0K4,-0.0013362749,-0.0067852167
20141030,16:00:00.000,ID000MM8ZX4,-0.006354186,-0.002834455
20141030,16:00:00.000,ID000MT6W40,-0.019914808,-0.026484234
20141030,16:00:00.000,ID000N0B153,0.00015313765,-0.0021297291
20141030,16:00:00.000,ID000N17TD6,0.006664632,-0.0006180944
20141030,16:00:00.000,ID000N2BZ81,0.003079864,0.010765925
20141030,16:00:00.000,ID000N4B6Z1,0.010664997,0.010990731
20141030,16:00:00.000,ID000N57Q34,-0.0011668992,-0.00070884696
20141030,16:00:00.000,ID000NCTVD3,-0.0058729714,-0.0027876124
20141030,16:00:00.000,ID000ND1Y18,0.021000162,0.024413303
20141030,16:00:00.000,ID000NH2QV2,0.0008944392,0.005313382
20141030,16:00:00.000,ID000NJGLM4,0.010591822,0.005141592
20141030,16:00:00.000,ID000NK6KD4,0.0020492102,0.0055371835
20141030,16:00:00.000,ID000NKFQC2,0.0024481043,0.0045954483
20141030,16:00:00.000,ID000NPC987,0.008774841,0.012583674
20141030,16:00:00.000,ID000NQV2C4,-0.0043676384,0.0081825415
20141030,16:00:00.000,ID000NQWJL6,0.020213732,0.022849303
20141030,16:00:00.000,ID000NQXR55,-0.0038359172,0.013018664
20141030,16:00:00.000,ID000NSV604,-0.0066827005,-0.015113888
20141030,16:00:00.000,ID000NSXPT9,-0.0018453052,0.0026659295
20141030,16:00:00.000,ID000NXY9H6,0.045324497,0.027514748
20141030,16:00:00.000,ID000P0WDF1,0.0073255138,0.007323935
20141030,16:00:00.000,ID000P2BT47,0.0049905726,0.009915344
20141030,16:00:00.000,ID000P3QSP8,-0.016299777,-0.019704219
20141030,16:00:00.000,ID000P3R5F8,0.0025335837,0.014590578
20141030,16:00:00.000,ID000P48N13,0.005806781,0.0014048256
20141030,16:00:00.000,ID000P5DR42,0.019753678,0.0148787545
20141030,16:00:00.000,ID000P8H737,0.043957,0.027791027
20141030,16:00:00.000,ID000P8WWS8,-0.004289939,-0.013710122
20141030,16:00:00.000,ID000P92ML8,0.0027830966,-0.010032015
20141030,16:00:00.000,ID000PDCRL7,0.0031742116,0.003100762
20141030,16:00:00.000,ID000PFYVK0,-0.0045889937,0.002241669
20141030,16:00:00.000,ID000PG2G17,0.008532364,0.012903792
20141030,16:00:00.000,ID000PJ8DQ5,-0.009610231,-0.006563069
20141030,16:00:00.000,ID000PK8MG3,0.005827836,0.011926066
20141030,16:00:00.000,ID000PKFQD9,-0.0058349646,0.0011477309
20141030,16:00:00.000,ID000PLZQH1,-0.0005808682,5.783411e-05
20141030,16:00:00.000,ID000PM1X36,0.012184865,-0.0068729054
20141030,16:00:00.000,ID000PM21L5,0.0075423154,0.021103822
20141030,16:00:00.000,ID000PN3YM9,0.0078108935,0.009261041
20141030,16:00:00.000,ID000PP58Y6,0.0028169858,-0.018410752
20141030,16:00:00.000,ID000PPDXX3,-0.0025793249,0.011920018
20141030,16:00:00.000,ID000PQKTQ0,0.0071806507,0.014204899
20141030,16:00:00.000,ID000PRGVZ8,0.0059652035,0.0042040264
20141030,16:00:00.000,ID000PVLRP3,-0.009256375,-0.010744014
20141030,16:00:00.000,ID000PYLP80,-0.008745165,-0.0062541002
20141030,16:00:00.000,ID000Q4S289,-0.0024278474,0.0013979339
20141030,16:00:00.000,ID000Q5VT38,0.010686934,0.0014853792
20141030,16:00:00.000,ID000Q64F54,0.0037350878,0.01308865
20141030,16:00:00.000,ID000Q7BSQ3,-0.014110962,-0.017108707
20141030,16:00:00.000,ID000Q7RWP8,0.0029042128,-0.02362271
20141030,16:00:00.000,ID000Q94ZV5,0.00013730593,0.0065190466
20141030,16:00:00.000,ID000Q9TVP4,-0.012487374,-0.022913015
20141030,16:00:00.000,ID000QC7FM9,0.011222533,-0.009753249
20141030,16:00:00.000,ID000QCSZR7,0.0023370653,0.008040934
20141030,16:00:00.000,ID000QDC320,-0.006007893,-0.0039474624
20141030,16:00:00.000,ID000QDCWV4,0.002773065,-0.0020178577
20141030,16:00:00.000,ID000QF8XR7,-0.004201205,-0.025611341
20141030,16:00:00.000,ID000QGZPH3,-0.004438753,0.0067305258
20141030,16:00:00.000,ID000QH2MN7,0.034724213,0.048047733
20141030,16:00:00.000,ID000QJ5PT7,0.0074025295,-0.0049561555
20141030,16:00:00.000,ID000QLKZD0,0.013884296,0.02102219
20141030,16:00:00.000,ID000QLTYJ8,-0.010404923,-0.0059202034
20141030,16:00:00.000,ID000QMPFL8,0.003640114,0.0101641165
20141030,16:00:00.000,ID000QQCVC8,0.024521507,0.032111716
20141030,16:00:00.000,ID000QSDXN7,0.0015764829,-0.0034502235
20141030,16:00:00.000,ID000QTWZ31,-0.008348014,-0.004262615
20141030,16:00:00.000,ID000QX19J7,0.0018570493,-0.003679818
20141030,16:00:00.000,ID000QX7NK8,0.0062078177,0.0014168952
20141030,16:00:00.000,ID000QZSY80,-0.0023147797,-0.00054995925
20141030,16:00:00.000,ID000R0F0X6,-0.0077679693,-0.019458922
20141030,16:00:00.000,ID000R6BX01,-0.0034880529,0.005270418
20141030,16:00:00.000,ID000RG6D72,-0.0029272116,-0.0019903544
20141030,16:00:00.000,ID000RJ13V6,0.003107969,0.004938003
20141030,16:00:00.000,ID000RJM478,-0.005912618,-0.005533735
20141030,16:00:00.000,ID000RKCLR6,0.0071385703,3.716559e-08
20141030,16:00:00.000,ID000RRRLH6,0.0027660409,0.010926454
20141030,16:00:00.000,ID000RSPBY9,0.004344002,0.00898626
20141030,16:00:00.000,ID000T1FVZ2,-0.0075101648,0.000253038
20141030,16:00:00.000,ID000TDB8V5,-0.05803934,-0.05508583
20141030,16:00:00.000,ID000TFZP37,0.008442467,0.004812916
20141030,16:00:00.000,ID000TG1N00,-0.0055726347,-0.01645902
20141030,16:00:00.000,ID000TVW0H5,0.0035777225,0.015395082
20141030,16:00:00.000,ID000V22RX2,0.002677514,0.013496211
20141030,16:00:00.000,ID000VGFVT3,-0.002737683,0.0060353945
20141030,16:00:00.000,ID000VH0T67,-0.017957656,-0.041658215
20141030,16:00:00.000,ID000W3MPK5,-0.0044732946,0.0020033307
20141030,16:00:00.000,ID000W90780,0.0030200686,0.0015041071
20141030,16:00:00.000,ID0015QF8P3,-0.0048829853,-0.0075248
20141030,16:00:00.000,ID0019WXH85,0.0017969263,0.0013605421
20141030,16:00:00.000,ID001BQZ142,0.021700177,0.009085948
20141030,16:00:00.000,ID001DNWP10,0.013418294,0.0060479203
20141030,16:00:00.000,ID001LRJQB4,0.01508703,0.024920495
20141030,16:00:00.000,ID001MM1KT7,-0.016735153,-0.026647918
20141030,16:00:00.000,ID001MM9Y82,0.0072818585,0.011118409
20141030,16:00:00.000,ID001P1Z4F4,-0.002644533,-0.0013088764
20141030,16:00:00.000,ID001QCR6S9,-0.0068378113,-0.012266402
20141030,16:00:00.000,ID001QXT246,-0.021904176,-0.032351553
20141030,16:00:00.000,ID001QXTNL1,-0.00037109514,-0.011410488
20141030,16:00:00.000,ID001YN3L81,-0.013648905,-0.020220226
20141030,16:00:00.000,ID0025RP8D1,0.055252627,0.038742606
20141030,16:00:00.000,ID0027J63S3,-0.0030338792,-0.020979578
20141030,16:00:00.000,ID002CR6DZ9,-0.024639606,-0.026647402
20141030,16:00:00.000,ID002GJZV45,0.004771261,0.008440762
20141030,16:00:00.000,ID002YMXRJ3,0.04303007,0.047273453
20141030,16:00:00.000,ID0032JYVT2,-0.007488261,-0.004665739
20141030,16:00:00.000,ID00337BX36,-0.0050626895,-0.013319358
20141030,16:00:00.000,ID0035GLYB2,-0.04253548,-0.04721894
20141030,16:00:00.000,ID003FH03L9,0.016658856,0.018723283
20141030,16:00:00.000,ID003G4DHL2,0.014121473,0.008159158
20141030,16:00:00.000,ID003GW1860,0.0009194891,0.0014857859
20141030,16:00:00.000,ID003T0P9C1,-0.0038838964,-0.0017533324
20141030,16:00:00.000,ID00423N060,0.010031457,-0.0009205682
20141030,16:00:00.000,ID0042FK271,0.0143391155,0.0142576825
20141030,16:00:00.000,ID00443M586,0.00018334099,0.0001510632
20141030,16:00:00.000,ID00468ZSV3,-0.004104455,-0.004055976
20141030,16:00:00.000,ID004BRWPH0,0.03613795,0.04024086
20141030,16:00:00.000,ID004D7WJX8,0.032187413,0.028699389
20141030,16:00:00.000,ID004V7D7P4,-0.01571704,-0.021739906
20141030,16:00:00.000,ID00563QG65,0.0141929565,0.011222349
20141030,16:00:00.000,ID0058141B8,-0.0065524094,-0.0119756935
20141030,16:00:00.000,ID005CM0YM7,-0.00025565788,-0.005041477
20141030,16:00:00.000,ID005GBMMQ5,-0.028076405,-0.018731484
20141030,16:00:00.000,ID005KMVVS4,-0.03187177,-0.037188377
20141030,16:00:00.000,ID005KXPQ44,0.0058152974,-7.925107e-05
20141030,16:00:00.000,ID005PTLS66,0.016802449,0.018634222
20141030,16:00:00.000,ID005T2C3Z4,-0.016010834,-0.005795214
20141030,16:00:00.000,ID00639ZL71,-0.0052678217,-0.0055396627
20141030,16:00:00.000,ID0067S6N55,-0.017129162,-0.00888534
20141030,16:00:00.000,ID0068R6WK9,0.006627682,-0.000483402
20141030,16:00:00.000,ID006FBWMD7,0.022994455,0.019960523
20141030,16:00:00.000,ID006K4WHT1,0.02609718,0.01844403
20141030,16:00:00.000,ID006KCQPS3,-0.012263202,-0.014882644
20141030,16:00:00.000,ID006MFN039,-0.005353346,-0.004878713
20141030,17:30:00.000,IDZQ0003GF7,-0.013477382,-0.0020601375
20141030,17:30:00.000,IDZQ00047M8,0.004080378,0.0045673093
20141030,17:30:00.000,IDZQ00048R1,0.023119919,0.03787272
20141030,17:30:00.000,IDZQ0005R34,-0.00180369,0.0072516263
20141030,17:30:00.000,IDZQ0005SC2,0.0121568795,0.014520539
20141030,17:30:00.000,IDZQ0007ZC4,0.026346013,0.020962195
20141030,17:30:00.000,IDZQ0008WW8,0.00031560392,3.7094287e-07
20141030,17:30:00.000,IDZQ0009HH7,-0.0058726612,-0.0069002914
20141030,17:30:00.000,IDZQ0009P98,-0.009230587,-0.0019669498
20141030,17:30:00.000,IDZQ000BBR6,0.0025472962,0.004949503
20141030,17:30:00.000,IDZQ000DWM3,0.0075309086,0.01790233
20141030,17:30:00.000,IDZQ000F3R0,-0.0018005077,0.0047284304
20141030,17:30:00.000,IDZQ000F6Q4,0.0088141095,0.009636684
20141030,17:30:00.000,IDZQ000F8T7,-0.0011250075,0.0014143127
20141030,17:30:00.000,IDZQ000FLJ9,-0.0010132012,0.0029482823
20141030,17:30:00.000,IDZQ000KL21,-0.000103629885,0.0015650684
20141030,17:30:00.000,IDZQ000M533,0.010779567,0.01406496
20141030,17:30:00.000,IDZQ000MKV9,-0.03189919,-0.025383595
20141030,17:30:00.000,IDZQ000MVL6,0.07952867,0.09272253
20141030,17:30:00.000,IDZQ000MWP0,0.006641771,0.0055458397
20141030,17:30:00.000,IDZQ000PTP4,0.0116023375,0.014680306
20141030,17:30:00.000,IDZQ000Q012,0.004617711,0.005786974
20141030,17:30:00.000,IDZQ000QHK4,0.008967652,-0.010959854
20141030,17:30:00.000,IDZQ000SDR4,0.00051133614,-0.01311682
20141030,17:30:00.000,IDZQ000VT77,-0.0024077988,-0.0005839907
20141030,17:30:00.000,IDZQ000WBV8,-0.0006721312,0.0055420306
20141030,17:30:00.000,IDZQ000WDG1,0.012673579,0.02587342
20141030,17:30:00.000,IDZQ000WYN7,-0.010086778,0.0015446772
20141030,17:30:00.000,IDZQ000X6D8,-0.0080506345,-0.003594222
20141030,17:30:00.000,IDZQ000X8Q0,-0.001986301,0.004346166
20141030,17:30:00.000,IDZQ000XJ04,-0.0049902056,-0.0010858313
20141030,17:30:00.000,IDZQ000XSY7,-0.0015694759,0.0046456982
20141030,17:30:00.000,IDZQ000XWR6,0.011297837,0.011629403
20141030,17:30:00.000,IDZQ000Y0W9,0.0082772,0.012206067
20141030,17:30:00.000,IDZQ000Y3P1,0.009562594,0.009533297
20141030,17:30:00.000,IDZQ000Y7B7,-0.00718941,-0.0015496471
20141030,17:30:00.000,IDZQ000Y8Q9,-0.007338064,-0.005194666
20141030,17:30:00.000,IDZQ000YB91,0.001972881,0.0002493375
20141030,17:30:00.000,IDZQ000YDZ8,0.014641346,0.011822858
20141030,17:30:00.000,IDZQ000YW68,-0.067284375,-0.094558336
20141030,17:30:00.000,IDZQ000Z3V3,0.0020629687,0.0127576105
20141030,17:30:00.000,IDZQ000Z3Z9,0.003654963,0.0064644297
20141030,17:30:00.000,IDZQ000Z9D0,-0.005567383,0.0070125316
20141030,17:30:00.000,IDZQ000ZKM5,-0.017497376,-0.014477166
20141030,17:30:00.000,IDZQ000ZTH2,-0.008980354,-0.01168269
20141030,17:30:00.000,ID000BC0991,-0.0011433911,0.005545495
20141030,17:30:00.000,ID000BC0KZ7,0.020536227,0.030964386
20141030,17:30:00.000,ID000BC0QR3,-0.0009560866,0.006685384
20141030,17:30:00.000,ID000BC1099,0.0047727684,0.0062520974
20141030,17:30:00.000,ID000BC12C1,0.028921729,0.041663237
20141030,17:30:00.000,ID000BC1543,0.012421792,0.014188035
20141030,17:30:00.000,ID000BC15X1,-0.0027984816,0.004582967
20141030,17:30:00.000,ID000BC1801,0.0010531723,0.0076416084
20141030,17:30:00.000,ID000BC1FY8,0.0036939953,0.015244445
20141030,17:30:00.000,ID000BC1HT0,-0.0005509426,0.0021508015
20141030,17:30:00.000,ID000BC1RY2,-0.013795067,-0.009386039
20141030,17:30:00.000,ID000BC2356,0.00031800446,-0.004840325
20141030,17:30:00.000,ID000BC3676,-0.0060723424,0.0057722563
20141030,17:30:00.000,ID000BC3SD1,0.007230583,0.010158606
20141030,17:30:00.000,ID000BC3V44,0.0018678841,-0.002626243
20141030,17:30:00.000,ID000BC49N1,-0.00019616101,0.005592725
20141030,17:30:00.000,ID000BC4N05,-0.023508713,-0.024656355
20141030,17:30:00.000,ID000BC4VC4,0.0033846078,0.011305664
20141030,17:30:00.000,ID000BC4WR6,-0.012874605,0.0013879132
20141030,17:30:00.000,ID000BC5TD7,0.0014645997,0.010678928
20141030,17:30:00.000,ID000BC6K90,-0.05974748,-0.06838413
20141030,17:30:00.000,ID000BC6TT9,-0.03302826,-0.027775787
20141030,17:30:00.000,ID000BC75Z3,-0.0129685765,-0.009597218
20141030,17:30:00.000,ID000BC7PK5,0.0066776313,0.010031349
20141030,17:30:00.000,ID000BC7QR6,-0.0040330086,-0.01240406
20141030,17:30:00.000,ID000BC7RM9,-0.0052361805,0.002530538
20141030,17:30:00.000,ID000BC7ZT4,-0.011437863,-0.0022391132
20141030,17:30:00.000,ID000BC80Q3,0.041561194,0.04329437
20141030,17:30:00.000,ID000BC8494,-0.0019415714,0.00410319
20141030,17:30:00.000,ID000BC8564,0.005809121,0.013298827
20141030,17:30:00.000,ID000BC85Z2,0.00821943,0.013428258
20141030,17:30:00.000,ID000BC8699,-0.004204435,0.0038983529
20141030,17:30:00.000,ID000BC8831,0.026211448,0.04399957
20141030,17:30:00.000,ID000BC8CB3,0.005452996,0.0107054785
20141030,17:30:00.000,ID000BC8GG9,-0.00011202046,0.0031191895
20141030,17:30:00.000,ID000BC8JQ2,0.0027835895,0.004746533
20141030,17:30:00.000,ID000BC8MY6,0.010863051,0.008200954
20141030,17:30:00.000,ID000BC8T44,0.0056028776,0.010345534
20141030,17:30:00.000,ID000BC9821,-0.0061396775,-0.0014331657
20141030,17:30:00.000,ID000BC9LX8,-0.002951128,0.0003905538
20141030,17:30:00.000,ID000BC9P50,-0.02182713,-0.0014182798
20141030,17:30:00.000,ID000BC9YD2,-0.0031226513,-0.004020019
20141030,17:30:00.000,ID000BC9Z85,0.030116217,0.037558235
20141030,17:30:00.000,ID000BC9ZX7,0.001819326,0.008224136
20141030,17:30:00.000,ID000BCB2K1,0.005217817,0.011166818
20141030,17:30:00.000,ID000BCBT22,0.008741232,-0.0043780147
20141030,17:30:00.000,ID000BCCFR4,0.006386571,0.008451388
20141030,17:30:00.000,ID000BCCK93,0.0004497465,0.0021719073
20141030,17:30:00.000,ID000BCCNC3,-0.00604281,-0.005252803
20141030,17:30:00.000,ID000BCCRV3,-0.00026220785,-5.760357e-05
20141030,17:30:00.000,ID000BCD7C7,-0.003350555,-0.0064728213
20141030,17:30:00.000,ID000BCD988,-0.00081458455,-0.00029322424
20141030,17:30:00.000,ID000BCDPP3,-0.0037937686,-0.0018831645
20141030,17:30:00.000,ID000BCDYD7,-0.019007374,-0.0157166
20141030,17:30:00.000,ID000BCFRC1,-0.006368469,0.00010486579
20141030,17:30:00.000,ID000BCFVJ5,0.042482913,0.051213287
20141030,17:30:00.000,ID000BCFY18,-0.015201344,-0.0078646755
20141030,17:30:00.000,ID000BCGSR2,-0.02033072,-0.016743515
20141030,17:30:00.000,ID000BCGVJ4,0.0038431608,-0.007932578
20141030,17:30:00.000,ID000BCGWQ4,-0.0326146,-0.032984704
20141030,17:30:00.000,ID000BCGY80,0.0015291233,0.017886776
20141030,17:30:00.000,ID000BCH216,-0.01004902,-0.01468348
20141030,17:30:00.000,ID000BCH458,0.012787319,0.015551266
20141030,17:30:00.000,ID000BCHRB0,-0.012500991,0.0068215732
20141030,17:30:00.000,ID000BCHVK1,0.0029637096,0.009411825
20141030,17:30:00.000,ID000BCL3M6,-0.0010861353,0.005317644
20141030,17:30:00.000,ID000BCLVP1,-0.0073395283,0.011555784
20141030,17:30:00.000,ID000BCN0T3,-0.0006479944,0.005687683
20141030,17:30:00.000,ID000BCNNX8,0.0013644099,0.0011489348
20141030,17:30:00.000,ID000BCQ2W2,-0.009126562,-0.0042684497
20141030,17:30:00.000,ID000BCQ3H7,0.00046938975,0.017868346
20141030,17:30:00.000,ID000BCR5S9,-0.006486149,-0.0053237127
20141030,17:30:00.000,ID000BCS4S1,-0.0006847493,0.00086847844
20141030,17:30:00.000,ID000BCXH60,0.0029520937,0.00332057
20141030,17:30:00.000,ID000BCYWV8,-0.0053388476,-0.00040724786
20141030,17:30:00.000,ID000BCZ519,-0.049370877,-0.054855138
20141030,17:30:00.000,ID000BD0F95,-0.005340715,0.0023690707
20141030,17:30:00.000,ID000BD3RV1,-0.00033923215,0.0076368786
20141030,17:30:00.000,ID000BD41Z3,0.002905331,0.013853599
20141030,17:30:00.000,ID000BD4L52,0.01571594,0.004407996
20141030,17:30:00.000,ID000BD4S48,-0.004465827,-0.021892672
20141030,17:30:00.000,ID000BD53L3,-0.0042113625,-0.015400466
20141030,17:30:00.000,ID000BD5B99,0.012083662,0.014844515
20141030,17:30:00.000,ID000BD5HP8,-0.071806215,-0.077879705
20141030,17:30:00.000,ID000BD5T18,-0.0027230293,0.0075884415
20141030,17:30:00.000,ID000BD61J9,0.005034325,0.009645311
20141030,17:30:00.000,ID000BD6CZ7,-0.0016296116,0.00852049
20141030,17:30:00.000,ID000BD6X18,-0.0024168943,-0.0016087655
20141030,17:30:00.000,ID000BD6ZN9,0.010598979,0.015727157
20141030,17:30:00.000,ID000BD78R4,-0.0058722515,-0.0031450763
20141030,17:30:00.000,ID000BD7BN1,0.011147765,0.011304913
20141030,17:30:00.000,ID000BD7MQ4,-0.00022471708,0.005978415
20141030,17:30:00.000,ID000BD7YK4,0.009450261,0.011528446
20141030,17:30:00.000,ID000BD8BK3,-0.019891705,-0.0039702407
20141030,17:30:00.000,ID000BD8PZ6,0.0012535139,0.014028401
20141030,17:30:00.000,ID000BD8VM7,0.0015405819,-0.001030512
20141030,17:30:00.000,ID000BD8XM3,0.0044820984,0.007919683
20141030,17:30:00.000,ID000BD9DM6,0.00013005277,0.0019607428
20141030,17:30:00.000,ID000BD9DR1,0.006073006,0.00842685
20141030,17:30:00.000,ID000BDBL90,0.021679826,0.009090012
20141030,17:30:00.000,ID000BDBZC5,-0.02969934,-0.038573463
20141030,17:30:00.000,ID000BDCBX4,-0.06018931,-0.053738162
20141030,17:30:00.000,ID000BDCH16,0.0033110399,0.014658274
20141030,17:30:00.000,ID000BDCKP3,0.020103393,0.026920198
20141030,17:30:00.000,ID000BDCMJ6,0.00700824,0.013495849
20141030,17:30:00.000,ID000BDCZY0,-0.004467938,0.004583
20141030,17:30:00.000,ID000BDDQ51,0.017805949,0.008237635
20141030,17:30:00.000,ID000BDDZJ6,0.00067377934,0.005586335
20141030,17:30:00.000,ID000BDFK70,0.0025743858,0.00924948
20141030,17:30:00.000,ID000BDG288,-0.0006563801,0.0033639066
20141030,17:30:00.000,ID000BDH9B8,0.013978106,0.0039655715
20141030,17:30:00.000,ID000BDJ4D5,0.00794477,0.014842857
20141030,17:30:00.000,ID000BDK0S5,0.004035806,0.009625526
20141030,17:30:00.000,ID000BDK6Y5,-0.005244583,0.0047897585
20141030,17:30:00.000,ID000BDKG46,0.011509675,0.018988047
20141030,17:30:00.000,ID000BDLN40,-0.01444545,-0.018246133
20141030,17:30:00.000,ID000BDLSV9,-0.0066946177,0.0016420647
20141030,17:30:00.000,ID000BDN9L0,0.0058395,0.0066369562
20141030,17:30:00.000,ID000BDNCX0,0.009845451,0.019245647
20141030,17:30:00.000,ID000BDNRP6,-0.0038561767,0.0019076163
20141030,17:30:00.000,ID000BDPKH8,-0.011608256,-0.0028685662
20141030,17:30:00.000,ID000BDQBV1,0.0025738636,0.011724132
20141030,17:30:00.000,ID000BDQGD0,0.0048378073,0.0092931595
20141030,17:30:00.000,ID000BDR7T2,-0.009168778,0.0023179767
20141030,17:30:00.000,ID000BDSDZ1,-0.0018865289,0.0033021525
20141030,17:30:00.000,ID000BDSZX4,0.017174782,0.014833676
20141030,17:30:00.000,ID000BDT1M0,0.0083249165,0.008674752
20141030,17:30:00.000,ID000BDT426,-0.008237769,-0.00645802
20141030,17:30:00.000,ID000BDTRH9,-0.0031617878,0.000990471
20141030,17:30:00.000,ID000BDVFM6,0.0028310553,-0.0051269466
20141030,17:30:00.000,ID000BDWPB5,-0.009048501,0.0042857095
20141030,17:30:00.000,ID000BDWZ69,-0.012008275,-0.015151666
20141030,17:30:00.000,ID000BDX9Q4,0.0030620948,0.011458883
20141030,17:30:00.000,ID000BDXB89,0.0004891866,0.004804602
20141030,17:30:00.000,ID000BDXKH9,-0.022009613,-0.04139355
20141030,17:30:00.000,ID000BDXYS7,0.016336665,0.018769104
20141030,17:30:00.000,ID000BDY2S6,0.0005376382,0.007735314
20141030,17:30:00.000,ID000BDY689,0.0058860215,0.015373658
20141030,17:30:00.000,ID000BDY849,-0.00088190706,0.004755027
20141030,17:30:00.000,ID000BDYN37,0.009497737,0.016834864
20141030,17:30:00.000,ID000BDYXR9,0.0015542186,0.009595926
20141030,17:30:00.000,ID000BDZHL9,0.004367432,0.006364011
20141030,17:30:00.000,ID000BDZQF6,-0.009970438,-0.021538133
20141030,17:30:00.000,ID000BDZZ11,0.00081196247,0.008744413
20141030,17:30:00.000,ID000BF00N7,-0.004671181,0.00062188035
20141030,17:30:00.000,ID000BF0KC5,0.0018289356,-0.015523418
20141030,17:30:00.000,ID000BF0SZ3,-0.0010671791,0.0030146241
20141030,17:30:00.000,ID000BF1421,-0.060881447,-0.061562672
20141030,17:30:00.000,ID000BF1L50,0.016525796,0.024775628
20141030,17:30:00.000,ID000BF1LB3,-0.009165665,-0.0012497931
20141030,17:30:00.000,ID000BF1NP4,0.0069427793,0.0071099694
20141030,17:30:00.000,ID000BF1SB8,0.009406609,0.014042286
20141030,17:30:00.000,ID000BF20J0,-0.008545616,-0.012589474
20141030,17:30:00.000,ID000BF21F2,0.02818789,0.036122285
20141030,17:30:00.000,ID000BF29N6,-0.022139626,-0.021550244
20141030,17:30:00.000,ID000BF2DL9,-0.009507101,-0.0067751626
20141030,17:30:00.000,ID000BF2M20,-0.002655003,-0.006243235
20141030,17:30:00.000,ID000BF2PM1,-0.04122855,-0.0488507
20141030,17:30:00.000,ID000BF33F7,0.013243065,0.008247729
20141030,17:30:00.000,ID000BF3RF4,-0.002349564,-0.020278493
20141030,17:30:00.000,ID000BF46K3,0.025534542,0.010009015
20141030,17:30:00.000,ID000BF4HM7,-0.010448553,-0.0025794362
20141030,17:30:00.000,ID000BF5GH4,0.00035480043,0.001108537
20141030,17:30:00.000,ID000BF66X7,0.0034924836,0.01244313
20141030,17:30:00.000,ID000BF69X1,-0.01211671,-0.0057967925
20141030,17:30:00.000,ID000BF6RX1,-0.014572148,-0.01511618
20141030,17:30:00.000,ID000BF7W87,0.009471259,0.015917553
20141030,17:30:00.000,ID000BF82S0,-0.087871455,-0.09853759
20141030,17:30:00.000,ID000BF8LY1,0.001514838,0.0066260467
20141030,17:30:00.000,ID000BF8SM9,-0.011599791,-0.02232934
20141030,17:30:00.000,ID000BF93B5,0.00036798834,-0.015632749
20141030,17:30:00.000,ID000BFD9S9,8.350225e-06,0.0021544786
20141030,17:30:00.000,ID000BFFXZ6,-0.0038696674,0.0137066925
20141030,17:30:00.000,ID000BFGNH7,0.02681149,0.028273612
20141030,17:30:00.000,ID000BFKBQ8,-0.006108897,-0.00024374407
20141030,17:30:00.000,ID000BFL9V6,0.005417523,0.01039637
20141030,17:30:00.000,ID000BFLD92,0.0047142776,0.0008941198
20141030,17:30:00.000,ID000BFPL36,0.025302123,0.027534604
20141030,17:30:00.000,ID000BFR0X7,0.00019665627,0.0042458023
20141030,17:30:00.000,ID000BFT9L9,-0.010537302,-0.010045412
20141030,17:30:00.000,ID000BFW7B0,-0.017503269,-0.019199649
20141030,17:30:00.000,ID000BFYPV6,0.00478651,0.020033767
20141030,17:30:00.000,ID000BG2VZ2,0.0009220661,0.004259871
20141030,17:30:00.000,ID000BG5PH2,0.0053433296,0.010308463
20141030,17:30:00.000,ID000BG7DY8,0.014388245,0.009362308
20141030,17:30:00.000,ID000BG9653,0.006272384,0.009260527
20141030,17:30:00.000,ID000BG97J6,0.0075925426,0.010920106
20141030,17:30:00.000,ID000BG9MW8,8.932804e-05,0.0047716927
20141030,17:30:00.000,ID000BGD890,-0.00063034525,-0.012425534
20141030,17:30:00.000,ID000BGDYZ4,0.016307577,0.0012028798
20141030,17:30:00.000,ID000BGF665,0.0029109672,-0.00024796237
20141030,17:30:00.000,ID000BGG8Z8,0.00064655056,0.0054206983
20141030,17:30:00.000,ID000BGKM37,-0.00222198,-0.017470714
20141030,17:30:00.000,ID000BGN3C6,0.045072075,0.032139856
20141030,17:30:00.000,ID000BGP5K0,0.0058628744,0.0058972407
20141030,17:30:00.000,ID000BGRXM5,-0.0061896783,-0.0017867024
20141030,17:30:00.000,ID000BGX6S1,0.0012161658,0.007591742
20141030,17:30:00.000,ID000BGX8G0,0.010189596,0.012456355
20141030,17:30:00.000,ID000BGXTP4,0.011575743,0.009593108
20141030,17:30:00.000,ID000BH0HG4,0.03738672,0.04891215
20141030,17:30:00.000,ID000BH1TT3,-0.008681475,0.0013886307
20141030,17:30:00.000,ID000BH2LP3,-0.01289694,0.0019437511
20141030,17:30:00.000,ID000BH2X22,0.0027797925,0.0076299114
20141030,17:30:00.000,ID000BH5600,0.0058253566,0.0018537218
20141030,17:30:00.000,ID000BH6SN6,-0.021859085,-0.006970825
20141030,17:30:00.000,ID000BH79M8,-0.009226617,0.011320172
20141030,17:30:00.000,ID000BHBQ09,-0.0009146315,0.003703768
20141030,17:30:00.000,ID000BHHJP2,-0.0025442156,0.011246183
20141030,17:30:00.000,ID000BHK9M3,-0.0055289282,0.0005652088
20141030,17:30:00.000,ID000BHPQF8,0.0022899918,0.001020053
20141030,17:30:00.000,ID000BHPST9,-0.0008280568,-0.0059771608
20141030,17:30:00.000,ID000BHQGZ7,0.007334029,0.013966645
20141030,17:30:00.000,ID000BHWWK1,-0.0713042,-0.08844045
20141030,17:30:00.000,ID000BHX2C5,-0.008698463,-0.010422362
20141030,17:30:00.000,ID000BHXCG9,0.0010376839,0.0009430526
20141030,17:30:00.000,ID000BJ0CP1,-0.010531323,-0.001942761
20141030,17:30:00.000,ID000BJ5VQ3,0.0020558443,-0.0031261425
20141030,17:30:00.000,ID000BJBJM7,0.0065597324,0.014497943
20141030,17:30:00.000,ID000BJKZ32,0.010589565,0.014233503
20141030,17:30:00.000,ID000BJL2Z9,0.0037753817,-0.011566034
20141030,17:30:00.000,ID000BJNC94,-0.008943239,-0.004353211
20141030,17:30:00.000,ID000BJNP59,-0.0049555385,0.0029092596
20141030,17:30:00.000,ID000BJW6Q8,-0.007906089,0.0037824633
20141030,17:30:00.000,ID000BKD1G8,0.0039159595,0.018259743
20141030,17:30:00.000,ID000BKD7J2,0.021138115,0.031830553
20141030,17:30:00.000,ID000BKFP37,-0.034554746,-0.024795447
20141030,17:30:00.000,ID000BKH1G4,-0.009100941,-0.0073121036
20141030,17:30:00.000,ID000BKMDB7,-0.0052177594,0.008344977
20141030,17:30:00.000,ID000BKPC35,0.0002855012,0.02476712
20141030,17:30:00.000,ID000BKTKV2,0.009062967,0.015678963
20141030,17:30:00.000,ID000BL3YQ4,0.0042499932,-0.0012112577
20141030,17:30:00.000,ID000BL4Y74,-0.0033483256,0.0005639805
20141030,17:30:00.000,ID000BL7S92,0.0177057,0.0018997134
20141030,17:30:00.000,ID000BLBQW5,0.008803975,-0.005900378
20141030,17:30:00.000,ID000BLCJ23,0.04359554,0.048145525
20141030,17:30:00.000,ID000BLD1M9,0.03578631,0.030339472
20141030,17:30:00.000,ID000BLDDC4,0.010580063,0.017509146
20141030,17:30:00.000,ID000BLGLP9,-0.008961237,-0.0009988087
20141030,17:30:00.000,ID000BLHQ59,0.0036968354,0.010584726
20141030,17:30:00.000,ID000BLK9Z0,0.0009569274,-0.0023433815
20141030,17:30:00.000,ID000BLL8D5,0.0022167827,0.008708755
20141030,17:30:00.000,ID000BLLHB7,-0.0048089926,-0.021516308
20141030,17:30:00.000,ID000BLTBN9,-0.008907154,-4.540753e-05
20141030,17:30:00.000,ID000BLTKZ6,0.009353989,0.00828837
20141030,17:30:00.000,ID000BLV8N3,-0.0023906545,0.006363837
20141030,17:30:00.000,ID000BLW594,0.0071281763,0.004898335
20141030,17:30:00.000,ID000BLZXN4,0.0004267519,-0.00030956595
20141030,17:30:00.000,ID000BM2666,-0.021622373,-0.025054762
20141030,17:30:00.000,ID000BM6HN9,-0.006701307,-0.0015164148
20141030,17:30:00.000,ID000BM9J25,0.00013678843,0.008076353
20141030,17:30:00.000,ID000BM9V55,-0.0062425463,0.0028112535
20141030,17:30:00.000,ID000BMCS58,0.014465803,0.027253602
20141030,17:30:00.000,ID000BMDJJ2,-0.00080560043,0.00022850568
20141030,17:30:00.000,ID000BMJCK9,0.002427912,0.0091638565
20141030,17:30:00.000,ID000BMJGN7,0.028303925,0.032024138
20141030,17:30:00.000,ID000BMLDR7,0.02998499,0.016479231
20141030,17:30:00.000,ID000BMLWY7,-0.002145209,-0.0006092641
20141030,17:30:00.000,ID000BMP3T3,-0.0058605364,0.014344163
20141030,17:30:00.000,ID000BMPT07,-0.00960991,0.0049691442
20141030,17:30:00.000,ID000BMQRH2,-0.0098572895,-0.0043737614
20141030,17:30:00.000,ID000BMT5N0,0.0009478874,0.004934615
20141030,17:30:00.000,ID000BMV1Z3,0.04154492,0.040006433
20141030,17:30:00.000,ID000BMVWD9,0.005510317,0.0048594177
20141030,17:30:00.000,ID000BMW3R7,-0.0025602437,0.003709166
20141030,17:30:00.000,ID000BMWHC2,-0.0029963963,0.001483157
20141030,17:30:00.000,ID000BMWK62,-0.012250499,-0.000247844
20141030,17:30:00.000,ID000BMX6S8,-0.003189951,0.0039780573
20141030,17:30:00.000,ID000BMXF26,0.029684383,0.008408156
20141030,17:30:00.000,ID000BMZ8K0,0.008201927,0.0025804914
20141030,17:30:00.000,ID000BMZMX5,0.00033738214,0.0031373897
20141030,17:30:00.000,ID000BN08S8,-0.0011904424,0.005185131
20141030,17:30:00.000,ID000BN0P46,0.01190897,0.01206359
20141030,17:30:00.000,ID000BN1RD1,-0.013973855,-0.013080043
20141030,17:30:00.000,ID000BN6DP4,-0.008780807,-0.008735691
20141030,17:30:00.000,ID000BN71Y9,-0.02214221,-0.024455227
20141030,17:30:00.000,ID000BN7570,0.0041503236,0.004886355
20141030,17:30:00.000,ID000BNP1C3,0.005338012,0.0009817615
20141030,17:30:00.000,ID000BNP507,-0.0027428435,0.0050108703
20141030,17:30:00.000,ID000BNP5M3,0.016057553,0.024876911
20141030,17:30:00.000,ID000BNV243,-0.0017900687,0.015539891
20141030,17:30:00.000,ID000BNZT31,0.0017493551,0.009369884
20141030,17:30:00.000,ID000BP01L5,-0.005035048,0.0036156946
20141030,17:30:00.000,ID000BP5GK8,-0.0033860821,-0.002161869
20141030,17:30:00.000,ID000BP72Q1,-0.0007212886,9.601008e-05
20141030,17:30:00.000,ID000BPCK94,-0.0037866232,0.001047983
20141030,17:30:00.000,ID000BPFPK7,-0.00019520558,0.0026727943
20141030,17:30:00.000,ID000BPMLL7,0.008665383,0.006933651
20141030,17:30:00.000,ID000BPMS69,-0.0066407924,-0.0022474225
20141030,17:30:00.000,ID000BPQF36,-0.0043091667,-0.000113771384
20141030,17:30:00.000,ID000BPVN88,-0.013763595,-0.027183069
20141030,17:30:00.000,ID000BPWG46,0.010422268,0.015748313
20141030,17:30:00.000,ID000BPXH52,-0.0089810155,-0.003999551
20141030,17:30:00.000,ID000BPY717,0.0038011058,0.004930403
20141030,17:30:00.000,ID000BPYXW6,-0.01261485,-0.012165277
20141030,17:30:00.000,ID000BQ25Z7,0.012579795,0.0026829424
20141030,17:30:00.000,ID000BQ49H7,-0.0015137189,-0.008318028
20141030,17:30:00.000,ID000BQ4CR9,0.015572275,0.008986565
20141030,17:30:00.000,ID000BQ5YC6,-0.008587219,-0.0032141441
20141030,17:30:00.000,ID000BQ5YP2,-0.0018993273,-0.016232854
20141030,17:30:00.000,ID000BQB1D0,-0.009220675,-0.0006341954
20141030,17:30:00.000,ID000BQCGM6,0.004730241,0.0057969075
20141030,17:30:00.000,ID000BQGTY1,-0.0092349,-0.007800022
20141030,17:30:00.000,ID000BQHGF9,0.01064541,0.01718011
20141030,17:30:00.000,ID000BQM8C4,0.017541246,0.024794519
20141030,17:30:00.000,ID000BQNK27,0.008481165,0.0028226036
20141030,17:30:00.000,ID000BQNKM5,-0.011983506,-0.0041715964
20141030,17:30:00.000,ID000BQPF08,-0.0053532175,0.000101434285
20141030,17:30:00.000,ID000BQRZX6,-0.0030958494,0.0003071212
20141030,17:30:00.000,ID000BQXJ29,-0.0036792706,0.00030811355
20141030,17:30:00.000,ID000BQXQP8,-0.0033147016,-0.0015972678
20141030,17:30:00.000,ID000BQY715,-0.005829695,-0.006118792
20141030,17:30:00.000,ID000BR0GF5,-0.0033713968,-0.007765483
20141030,17:30:00.000,ID000BR3YL6,-0.0030747647,0.006487408
20141030,17:30:00.000,ID000BR5SD6,0.011201019,0.018178614
20141030,17:30:00.000,ID000BR7M47,0.0016629252,0.0020685748
20141030,17:30:00.000,ID000BR8552,0.030134885,0.032216422
20141030,17:30:00.000,ID000BRFCC1,0.0048237583,0.012342951
20141030,17:30:00.000,ID000BRJTZ5,-0.005972628,0.0007800794
20141030,17:30:00.000,ID000BRMNW7,0.021649433,0.032531817
20141030,17:30:00.000,ID000BRP3G6,-0.006938237,0.001251099
20141030,17:30:00.000,ID000BRS7L8,0.057125706,0.04339115
20141030,17:30:00.000,ID000BRVG61,-0.009270811,0.002910852
20141030,17:30:00.000,ID000BRX5L6,0.0039047801,0.009106293
20141030,17:30:00.000,ID000BRYT24,-0.0024373217,0.0053668474
20141030,17:30:00.000,ID000BS1MT4,0.0021636137,0.00079649186
20141030,17:30:00.000,ID000BS1P17,-0.013490146,-0.013541466
20141030,17:30:00.000,ID000BS3BJ7,-0.010386428,-0.00957871
20141030,17:30:00.000,ID000BS3KW2,-0.005032371,-0.026445134
20141030,17:30:00.000,ID000BS3YF1,-0.0042043286,0.00077754015
20141030,17:30:00.000,ID000BS4XB6,-0.013152095,-0.00094578794
20141030,17:30:00.000,ID000BS5F15,-0.0071955905,-0.00025154752
20141030,17:30:00.000,ID000BS64Z2,0.005351652,0.0040473067
20141030,17:30:00.000,ID000BS67L0,0.004776974,0.008054906
20141030,17:30:00.000,ID000BS6936,-0.00095197296,2.2286258e-07
20141030,17:30:00.000,ID000BSCY61,0.0015345428,0.0010732553
20141030,17:30:00.000,ID000BSDBR7,-0.0068775886,-0.0035463371
20141030,17:30:00.000,ID000BSFTZ7,0.007955463,0.0008022468
20141030,17:30:00.000,ID000BSJVR7,-0.0023965929,0.0015092854
20141030,17:30:00.000,ID000BSK6S9,0.004001871,0.010659778
20141030,17:30:00.000,ID000BSNX70,0.004968255,0.012264019
20141030,17:30:00.000,ID000BSP5X0,-0.01235299,-0.0067982282
20141030,17:30:00.000,ID000BSV6W2,0.0054143392,0.01096211
20141030,17:30:00.000,ID000BSX0W3,-0.00062709517,0.00019293804
20141030,17:30:00.000,ID000BSXH38,0.03313015,0.020352306
20141030,17:30:00.000,ID000BT0ZM1,0.008539086,0.017240906
20141030,17:30:00.000,ID000BTBVC9,0.0026374522,0.0012606771
20141030,17:30:00.000,ID000BTG0S5,0.019623132,0.014838224
20141030,17:30:00.000,ID000BTHT38,-0.015261089,-0.008570975
20141030,17:30:00.000,ID000BTPZ35,0.020534111,0.006705062
20141030,17:30:00.000,ID000BTT6G1,-0.0005212104,0.0030401973
20141030,17:30:00.000,ID000BTZX93,-0.010640123,-0.007765167
20141030,17:30:00.000,ID000BV1FV9,0.0052167536,0.007838293
20141030,17:30:00.000,ID000BV2V61,-0.0019630936,-0.0056359502
20141030,17:30:00.000,ID000BV7WV6,-0.013069078,-0.0106306095
20141030,17:30:00.000,ID000BV96H7,-0.011186568,-0.005429739
20141030,17:30:00.000,ID000BVCK82,-0.021705301,-0.025067125
20141030,17:30:00.000,ID000BVDZV2,-0.0058545023,0.0041107386
20141030,17:30:00.000,ID000BVGMQ4,-0.0033854307,-0.027684562
20141030,17:30:00.000,ID000BVGYM2,-0.001288623,0.00016216381
20141030,17:30:00.000,ID000BVPSS9,0.0011905178,0.0019850072
20141030,17:30:00.000,ID000BVPZL0,0.0074470164,0.009859359
20141030,17:30:00.000,ID000BVQZ75,0.0092292605,0.01829044
20141030,17:30:00.000,ID000BVTMG1,0.00647505,0.0043062624
20141030,17:30:00.000,ID000BVXBW2,-0.013024086,-0.004802788
20141030,17:30:00.000,ID000BW1RD1,0.009288459,0.008671689
20141030,17:30:00.000,ID000BW30J2,-0.0120194685,-0.0046462794
20141030,17:30:00.000,ID000BW4519,-0.0036803898,0.009626129
20141030,17:30:00.000,ID000BW4QS4,-0.0047358326,0.005919704
20141030,17:30:00.000,ID000BW6697,-0.0023263486,-0.0021533873
20141030,17:30:00.000,ID000BWBBF3,-0.0053364616,0.011758065
20141030,17:30:00.000,ID000BWF7C1,-0.0080530215,-0.02475779
20141030,17:30:00.000,ID000BWH908,0.00024027441,0.018693985
20141030,17:30:00.000,ID000BWHXN0,-0.022316879,-0.022352776
20141030,17:30:00.000,ID000BWKSN7,0.011520858,0.008821195
20141030,17:30:00.000,ID000BWPGB1,0.0009187285,0.014517298
20141030,17:30:00.000,ID000BWPKS4,-0.0042778016,-0.0022832982
20141030,17:30:00.000,ID000BWQ506,0.0035164398,0.012091385
20141030,17:30:00.000,ID000BWR6R4,0.022535307,0.027651567
20141030,17:30:00.000,ID000BWYKD0,0.0023383382,0.010706453
20141030,17:30:00.000,ID000BWZDP2,0.0070947427,0.01098049
20141030,17:30:00.000,ID000BX25G3,0.00090386625,0.0023280245
20141030,17:30:00.000,ID000BX2SH2,0.0039210017,0.0098683275
20141030,17:30:00.000,ID000BX4S53,-0.001520776,0.0075011854
20141030,17:30:00.000,ID000BX7J69,0.0051905597,0.012084883
20141030,17:30:00.000,ID000BX9VY9,-0.0002943271,-0.0011445482
20141030,17:30:00.000,ID000BXF9J8,0.010672736,0.013952237
20141030,17:30:00.000,ID000BXH3S9,-0.023470394,-0.0144603625
20141030,17:30:00.000,ID000BXJSZ4,0.019343337,0.025946118
20141030,17:30:00.000,ID000BXNGD9,-0.016026543,-0.032430053
20141030,17:30:00.000,ID000BXPWF0,-0.0098004155,0.0027494312
20141030,17:30:00.000,ID000BXRMP9,-0.0009449348,0.0027495828
20141030,17:30:00.000,ID000BY20V5,0.008132872,0.0052334997
20141030,17:30:00.000,ID000BYLHP4,0.0038588836,-0.010043824
20141030,17:30:00.000,ID000BYVJ33,-0.0045493017,0.00075560075
20141030,17:30:00.000,ID000BYWWW1,0.006847034,0.0065725646
20141030,17:30:00.000,ID000BZ1Z64,0.024770265,0.033375807
20141030,17:30:00.000,ID000BZ6048,0.0060459683,0.015346453
20141030,17:30:00.000,ID000BZG270,-0.00743139,0.00835189
20141030,17:30:00.000,ID000BZT267,0.00056292163,0.007970865
20141030,17:30:00.000,ID000BZWM96,-0.006233767,-0.02774902
20141030,17:30:00.000,ID000BZYRS2,-0.003954004,-0.013902218
20141030,17:30:00.000,ID000BZZ7W0,-0.0015018863,0.0012890961
20141030,17:30:00.000,ID000BZZK79,0.00801315,0.02284225
20141030,17:30:00.000,ID000C01V14,-0.004036149,0.00037019115
20141030,17:30:00.000,ID000C02Z87,0.0065672505,0.012430557
20141030,17:30:00.000,ID000C03WJ1,-0.0009381888,-0.009509712
20141030,17:30:00.000,ID000C04CZ6,0.013381198,0.01310373
20141030,17:30:00.000,ID000C04FX1,0.010142693,0.013810852
20141030,17:30:00.000,ID000C059M6,0.007772005,-0.0042183967
20141030,17:30:00.000,ID000C05R19,-0.025481008,-0.021187551
20141030,17:30:00.000,ID000C0LH31,-0.010631277,-0.00078642886
20141030,17:30:00.000,ID000C0M876,0.00052383856,-2.3296161e-07
20141030,17:30:00.000,ID000C0TD50,-0.001087281,-0.0013702862
20141030,17:30:00.000,ID000C0V0Z2,0.0011944292,0.0013262157
20141030,17:30:00.000,ID000C0XM55,-0.00812604,-0.03587163
20141030,17:30:00.000,ID000C0YDJ9,-0.0068049873,0.009739328
20141030,17:30:00.000,ID000C0YGB0,-0.0033559501,0.013430542
20141030,17:30:00.000,ID000C1HSN8,-0.008447478,0.011821334
20141030,17:30:00.000,ID000C1M473,0.01838118,0.013401036
20141030,17:30:00.000,ID000C1PN69,0.012802982,0.012522232
20141030,17:30:00.000,ID000C1Q594,0.0007315993,0.007936807
20141030,17:30:00.000,ID000C1R478,0.013197923,0.033790063
20141030,17:30:00.000,ID000C1R619,0.14166741,0.15074083
20141030,17:30:00.000,ID000C1V3Z4,-0.047712676,-0.06240808
20141030,17:30:00.000,ID000C1W6R5,-0.0046778633,0.0029882137
20141030,17:30:00.000,ID000C1Y6Q4,0.015910666,0.024131157
20141030,17:30:00.000,ID000C20331,-0.003927149,-0.00042809412
20141030,17:30:00.000,ID000C21KV1,0.0016797968,0.011419433
20141030,17:30:00.000,ID000C21XN2,0.010524342,0.0023287346
20141030,17:30:00.000,ID000C22V73,0.0012279903,0.0055328063
20141030,17:30:00.000,ID000C2C436,0.005105465,0.016421901
20141030,17:30:00.000,ID000C2DQK7,-0.0048660017,-0.0009146238
20141030,17:30:00.000,ID000C2HXV6,-0.008912839,-0.007884342
20141030,17:30:00.000,ID000C2QN48,-0.01915466,-0.051358756
20141030,17:30:00.000,ID000C2V319,0.0011401086,0.009853569
20141030,17:30:00.000,ID000C2V6W8,0.004100715,-0.00014355821
20141030,17:30:00.000,ID000C2VSX9,0.001956975,-0.009989984
20141030,17:30:00.000,ID000C2WYY4,0.012127198,0.005668897
20141030,17:30:00.000,ID000C30552,-0.02033157,-0.034517426
20141030,17:30:00.000,ID000C34K73,0.0020274085,0.0014710772
20141030,17:30:00.000,ID000C37MN8,-0.0057523474,0.0039011487
20141030,17:30:00.000,ID000C38N82,0.003987264,0.0077254646
20141030,17:30:00.000,ID000C3J4X4,0.012341175,0.016590659
20141030,17:30:00.000,ID000C3M059,0.0016205868,0.0059286407
20141030,17:30:00.000,ID000C3SMF4,-0.014089456,-0.011683242
20141030,17:30:00.000,ID000C3SMJ0,-0.14525437,-0.16947283
20141030,17:30:00.000,ID000C3VX11,0.0056961053,0.0030817229
20141030,17:30:00.000,ID000C3VY28,0.013361112,0.015265885
20141030,17:30:00.000,ID000C3YBM3,0.021690354,0.03983909
20141030,17:30:00.000,ID000C400W1,0.039998565,0.034852903
20141030,17:30:00.000,ID000C41NX9,0.028780768,0.029137898
20141030,17:30:00.000,ID000C41VP0,-0.010711868,-0.0048408993
20141030,17:30:00.000,ID000C4DNY5,-0.00022244373,-0.007611236
20141030,17:30:00.000,ID000C4K9S5,-0.008596153,-0.011402548
20141030,17:30:00.000,ID000C4W9D8,-0.008382712,-0.002983233
20141030,17:30:00.000,ID000C5XT13,0.00010765845,0.0056817275
20141030,17:30:00.000,ID000C68VC2,0.024620805,0.04849708
20141030,17:30:00.000,ID000C6K5W3,-0.0042834845,0.0035208743
20141030,17:30:00.000,ID000C6XDQ9,-0.024946097,-0.021231132
20141030,17:30:00.000,ID000C8L0S4,-0.005611247,0.002061025
20141030,17:30:00.000,ID000CBQ7S7,-0.025282618,-0.038667396
20141030,17:30:00.000,ID000CBZN20,0.028358916,0.036962036
20141030,17:30:00.000,ID000CC2BV8,0.010769975,0.009067444
20141030,17:30:00.000,ID000CCVZZ9,-0.008637587,0.000990015
20141030,17:30:00.000,ID000CCYKT6,-0.003300246,0.008804097
20141030,17:30:00.000,ID000CDZNC5,-0.0075036106,-0.0016853316
20141030,17:30:00.000,ID000CGDKG4,0.021452246,0.02526149
20141030,17:30:00.000,ID000CGWPH1,-0.008467768,0.0009788254
20141030,17:30:00.000,ID000CHWG16,-0.0060092714,-0.008330303
20141030,17:30:00.000,ID000CK4S96,0.0052270694,0.010123744
20141030,17:30:00.000,ID000CKDZV5,-0.0010399648,0.002797579
20141030,17:30:00.000,ID000CKYDB3,-0.004805791,-0.00039543546
20141030,17:30:00.000,ID000CLKVQ0,0.009204662,0.019659435
20141030,17:30:00.000,ID000CMY116,-0.0039466117,0.0017205856
20141030,17:30:00.000,ID000CNV8Z5,-0.007517977,-0.005960322
20141030,17:30:00.000,ID000CP20R8,-0.016874164,-0.0062512592
20141030,17:30:00.000,ID000CPBD63,0.0031414723,0.003357686
20141030,17:30:00.000,ID000CPGFC6,-0.0066136857,0.00019568732
20141030,17:30:00.000,ID000CPGPH9,0.00010502326,0.0049106777
20141030,17:30:00.000,ID000CQPKC3,0.013930666,9.6897726e-05
20141030,17:30:00.000,ID000CRQVF3,0.0047664517,0.0060316436
20141030,17:30:00.000,ID000CSHJ86,-0.010229282,0.0013384861
20141030,17:30:00.000,ID000CSHL18,-0.0076370956,0.00016379474
20141030,17:30:00.000,ID000CT5G92,-0.015783263,-0.0007151447
20141030,17:30:00.000,ID000CTSXY2,-0.00046507528,0.0018986422
20141030,17:30:00.000,ID000CTT0J0,-0.012865316,-0.0058074007
20141030,17:30:00.000,ID000CVSV53,1.0363558e-05,0.005091711
20141030,17:30:00.000,ID000CWMDK0,0.00030689395,-0.0007124824
20141030,17:30:00.000,ID000CYR5S0,0.00054989266,0.0068650716
20141030,17:30:00.000,ID000D03WR1,-0.00051588693,0.010429365
20141030,17:30:00.000,ID000D0H0S5,-0.0017742626,-0.00020888959
20141030,17:30:00.000,ID000D16BC8,0.011538238,0.014042814
20141030,17:30:00.000,ID000D1FGT9,0.012918935,0.024693325
20141030,17:30:00.000,ID000D2PYX2,0.010067546,0.013095664
20141030,17:30:00.000,ID000D32Q35,-0.0030120325,-0.02741106
20141030,17:30:00.000,ID000D54HT0,-0.0015943659,0.0016656506
20141030,17:30:00.000,ID000D8KQ89,0.0012218645,0.0012577681
20141030,17:30:00.000,ID000D9L3W0,0.009681554,0.009384762
20141030,17:30:00.000,ID000D9T3K5,0.008065877,0.0036036056
20141030,17:30:00.000,ID000DBNN31,-0.0046742084,0.0036118268
20141030,17:30:00.000,ID000DCK8W3,-0.010878039,-8.280913e-07
20141030,17:30:00.000,ID000DD3GQ9,-0.032741424,-0.028322568
20141030,17:30:00.000,ID000DD5WS0,0.032779533,0.045469943
20141030,17:30:00.000,ID000DDXHG5,0.010299588,0.008246362
20141030,17:30:00.000,ID000DHXQT2,0.013145026,0.011252321
20141030,17:30:00.000,ID000DM2M32,0.0010850251,0.0059103924
20141030,17:30:00.000,ID000DM6PM0,-0.0022511822,0.0035372523
20141030,17:30:00.000,ID000DMFMD7,-0.015177053,-0.006575096
20141030,17:30:00.000,ID000DMZS88,0.0031799814,0.0044464897
20141030,17:30:00.000,ID000DPM8Q9,0.0016012756,0.012193109
20141030,17:30:00.000,ID000DQ77T3,0.0202452,0.0220009
20141030,17:30:00.000,ID000DQ7TG9,-0.006072417,-0.0032301745
20141030,17:30:00.000,ID000DQFHQ5,-0.004219012,-0.0011508663
20141030,17:30:00.000,ID000DQSH27,0.0059508258,0.013631437
20141030,17:30:00.000,ID000DVJ5K2,0.0054576863,0.015007418
20141030,17:30:00.000,ID000DW75D1,-0.024842938,-0.012938202
20141030,17:30:00.000,ID000DX14M8,0.001086848,0.0038444006
20141030,17:30:00.000,ID000DXH432,0.0029482492,0.0122628175
20141030,17:30:00.000,ID000DYF655,0.013711005,0.015124923
20141030,17:30:00.000,ID000DZ5L87,-0.0010026173,0.004366276
20141030,17:30:00.000,ID000DZG349,0.0035898138,-0.014699791
20141030,17:30:00.000,ID000F09217,0.0032796306,0.009490299
20141030,17:30:00.000,ID000F45Y40,-0.024494695,-0.018047474
20141030,17:30:00.000,ID000F4LHP6,0.015644023,0.006500182
20141030,17:30:00.000,ID000F5L3Q3,0.107781805,0.123691805
20141030,17:30:00.000,ID000F5P2F3,-0.024804216,-0.0077390904
20141030,17:30:00.000,ID000F6L4Q9,-0.0077803773,-0.019350661
20141030,17:30:00.000,ID000F79RP1,0.013908084,0.016068416
20141030,17:30:00.000,ID000F7KW95,-0.0059681837,-0.012512436
20141030,17:30:00.000,ID000F8TYC6,0.043891367,0.06121363
20141030,17:30:00.000,ID000F93K14,3.9213464e-05,0.0077864076
20141030,17:30:00.000,ID000FBCLZ0,-0.0142137995,-0.011427943
20141030,17:30:00.000,ID000FD8FS2,0.0064988,0.008249239
20141030,17:30:00.000,ID000FDL8Z5,-0.003575757,-0.002830143
20141030,17:30:00.000,ID000FG1LV5,-0.003284674,0.01403137
20141030,17:30:00.000,ID000FHZ630,-0.0048919944,-0.0030968685
20141030,17:30:00.000,ID000FHZBB0,0.0015490184,0.0014413791
20141030,17:30:00.000,ID000FJH6R0,-0.004501659,-0.01083775
20141030,17:30:00.000,ID000FMPVW3,-0.015242353,-0.0050575742
20141030,17:30:00.000,ID000FNBYB3,0.00555845,0.004946594
20141030,17:30:00.000,ID000FNNYL9,0.0021143905,0.011097439
20141030,17:30:00.000,ID000FQS3G1,0.011764149,0.0021021424
20141030,17:30:00.000,ID000FR1Q22,-0.011615913,-0.0112638
20141030,17:30:00.000,ID000FV67D8,0.008904146,0.014024213
20141030,17:30:00.000,ID000FWSVR4,-0.0077765523,-0.0031530168
20141030,17:30:00.000,ID000FX2H28,-0.017042823,-0.011297157
20141030,17:30:00.000,ID000FYX2H9,0.009459903,0.019187357
20141030,17:30:00.000,ID000FZV4R3,0.030573288,0.019486152
20141030,17:30:00.000,ID000G1VQF1,0.00014388892,0.0065059224
20141030,17:30:00.000,ID000G4KJC6,0.008622814,0.011136431
20141030,17:30:00.000,ID000G6J4S9,-0.0070896493,0.001533615
20141030,17:30:00.000,ID000G9LML7,-0.0025653935,-0.006529639
20141030,17:30:00.000,ID000GB7900,0.0011732995,-0.0058654947
20141030,17:30:00.000,ID000GFPVK0,-0.00032616305,-0.0022282456
20141030,17:30:00.000,ID000GLT0J3,0.004674882,-0.007767782
20141030,17:30:00.000,ID000GM5V54,-0.0012831435,0.00614793
20141030,17:30:00.000,ID000GM9C07,0.023397122,0.029510174
20141030,17:30:00.000,ID000GP1HQ9,-0.0073876213,0.010848266
20141030,17:30:00.000,ID000GQH568,4.5784305e-05,0.005732216
20141030,17:30:00.000,ID000GSDST3,0.010475132,0.0060697105
20141030,17:30:00.000,ID000GVXBH4,-0.011001882,-0.0030586312
20141030,17:30:00.000,ID000GY6V57,-0.0036552623,0.00380832
20141030,17:30:00.000,ID000GZ0GF2,-0.0035913577,0.0044246647
20141030,17:30:00.000,ID000H291V0,-0.0042807264,0.0066367327
20141030,17:30:00.000,ID000H2BF55,0.010322009,0.012289181
20141030,17:30:00.000,ID000H461C0,0.0107008675,0.013427883
20141030,17:30:00.000,ID000H4S5W5,-0.003478195,-0.007495302
20141030,17:30:00.000,ID000H50NB6,0.007645168,0.01973625
20141030,17:30:00.000,ID000H729M9,-0.017486142,-0.012942346
20141030,17:30:00.000,ID000H7G3V7,-0.0030754684,-0.00026227778
20141030,17:30:00.000,ID000H90QG6,-0.0159116,-0.014193471
20141030,17:30:00.000,ID000HF3Y54,-0.009870824,-0.0095856935
20141030,17:30:00.000,ID000HFPD29,-0.004909838,-0.0019929735
20141030,17:30:00.000,ID000HH0HR6,0.0059571387,0.011851882
20141030,17:30:00.000,ID000HHBQD9,0.0070723575,0.010237898
20141030,17:30:00.000,ID000HHH3S8,0.0049932213,0.0057983445
20141030,17:30:00.000,ID000HJTKL0,0.0009094826,0.0036488513
20141030,17:30:00.000,ID000HKMFG1,-0.0035256392,-0.0015518398
20141030,17:30:00.000,ID000HL0067,0.0066874526,0.0041342936
20141030,17:30:00.000,ID000HST070,-0.0029527056,0.00023898814
20141030,17:30:00.000,ID000HT2H25,-0.003974971,-0.0026978408
20141030,17:30:00.000,ID000HW0214,-0.0041948324,0.007534892
20141030,17:30:00.000,ID000HXJ2N8,0.00076975184,0.006853888
20141030,17:30:00.000,ID000J355C2,-0.008468789,0.004160548
20141030,17:30:00.000,ID000J93ZS8,-0.0038387086,-0.0020881493
20141030,17:30:00.000,ID000J9PL96,0.0017117257,-0.020885238
20141030,17:30:00.000,ID000JDLX22,-0.0016347123,0.0073715937
20141030,17:30:00.000,ID000JKR6K9,-0.0026834244,0.005307313
20141030,17:30:00.000,ID000JM9929,0.054900404,0.029043745
20141030,17:30:00.000,ID000JN9C93,0.0007199601,0.015259658
20141030,17:30:00.000,ID000JNDVB3,0.0039045836,-0.001352313
20141030,17:30:00.000,ID000JT2P43,0.013931656,0.023583094
20141030,17:30:00.000,ID000JX4JW5,-0.0067377696,0.0042588175
20141030,17:30:00.000,ID000K00HV4,0.010504198,0.024887742
20141030,17:30:00.000,ID000K2DLL8,0.008724747,-0.0023981405
20141030,17:30:00.000,ID000K65GY5,-0.0039793653,0.00029298844
20141030,17:30:00.000,ID000K79NK9,-0.011709719,-0.0050381324
20141030,17:30:00.000,ID000KDG6T6,0.005508679,0.010510591
20141030,17:30:00.000,ID000KJS3T7,-0.014056763,-0.013567891
20141030,17:30:00.000,ID000KL72Y1,-0.0021359676,0.00019715392
20141030,17:30:00.000,ID000KR9YG6,0.005450365,0.006855607
20141030,17:30:00.000,ID000KVBD43,-0.029374616,-0.043871284
20141030,17:30:00.000,ID000KXQMX1,-0.011487476,0.005343511
20141030,17:30:00.000,ID000KXS3S7,-0.0048768907,0.0048258253
20141030,17:30:00.000,ID000L0JMY9,-0.003344156,0.00092819775
20141030,17:30:00.000,ID000L6W5T4,-0.085342705,-0.08403334
20141030,17:30:00.000,ID000LCKBR3,0.0030438446,0.0011222148
20141030,17:30:00.000,ID000LCRBK3,0.0021871661,0.008900138
20141030,17:30:00.000,ID000LHT3W5,0.045007426,0.049893115
20141030,17:30:00.000,ID000LW3MC0,0.004070991,0.013411327
20141030,17:30:00.000,ID000LXHQ25,-0.01626395,-0.026225872
20141030,17:30:00.000,ID000M2VPB8,-0.01846697,-0.014389294
20141030,17:30:00.000,ID000M3HZF6,0.00026785483,0.0014805695
20141030,17:30:00.000,ID000M3SN89,-0.034314692,-0.033320058
20141030,17:30:00.000,ID000MDN4R3,0.008352911,0.008962929
20141030,17:30:00.000,ID000MF6B19,0.0053608795,-0.008965643
20141030,17:30:00.000,ID000MFRDQ5,0.0012171883,0.008258772
20141030,17:30:00.000,ID000MJGT84,-0.00042892215,0.0016639966
20141030,17:30:00.000,ID000MLFDZ5,-0.008300397,-0.0004524049
20141030,17:30:00.000,ID000MLT0K4,0.004604971,0.0039374367
20141030,17:30:00.000,ID000MM8ZX4,-0.0046531092,0.0039237943
20141030,17:30:00.000,ID000MT6W40,-0.014365558,-0.016841657
20141030,17:30:00.000,ID000N0B153,0.0012423873,0.002470965
20141030,17:30:00.000,ID000N17TD6,0.0030896822,-0.0044703824
20141030,17:30:00.000,ID000N2BZ81,0.002026087,0.013214541
20141030,17:30:00.000,ID000N4B6Z1,0.01292034,0.01892968
20141030,17:30:00.000,ID000N57Q34,-0.0077239526,-0.0042599216
20141030,17:30:00.000,ID000NCTVD3,-0.0068678795,0.0009275873
20141030,17:30:00.000,ID000ND1Y18,0.014353831,0.019460324
20141030,17:30:00.000,ID000NH2QV2,-0.0014781716,0.007632086
20141030,17:30:00.000,ID000NJGLM4,0.0147651825,0.012976557
20141030,17:30:00.000,ID000NK6KD4,-0.0027838054,0.00027637262
20141030,17:30:00.000,ID000NKFQC2,0.004673033,0.006661494
20141030,17:30:00.000,ID000NPC987,0.019175474,0.026500978
20141030,17:30:00.000,ID000NQV2C4,-0.0065774126,0.010856111
20141030,17:30:00.000,ID000NQWJL6,0.016725007,0.022152536
20141030,17:30:00.000,ID000NQXR55,0.0012268273,0.022543874
20141030,17:30:00.000,ID000NSV604,-0.01313205,-0.026222538
20141030,17:30:00.000,ID000NSXPT9,-0.005261731,0.0016665665
20141030,17:30:00.000,ID000NXY9H6,0.047017004,0.025267573
20141030,17:30:00.000,ID000P0WDF1,0.0143596055,0.015277987
20141030,17:30:00.000,ID000P2BT47,0.0043122075,0.011925009
20141030,17:30:00.000,ID000P3QSP8,-0.013786544,-0.013933207
20141030,17:30:00.000,ID000P3R5F8,-0.009524599,0.0026369682
20141030,17:30:00.000,ID000P48N13,-0.002387687,-0.0029565056
20141030,17:30:00.000,ID000P5DR42,0.015760241,0.008641024
20141030,17:30:00.000,ID000P8H737,0.08128468,0.06839525
20141030,17:30:00.000,ID000P8WWS8,0.0015753361,-0.014074443
20141030,17:30:00.000,ID000P92ML8,0.0018009329,-0.015819719
20141030,17:30:00.000,ID000PDCRL7,0.0025813875,0.0024504475
20141030,17:30:00.000,ID000PFYVK0,-0.0045909407,-0.00044902216
20141030,17:30:00.000,ID000PG2G17,0.0065166205,0.012526823
20141030,17:30:00.000,ID000PJ8DQ5,-0.008248692,-0.0043586246
20141030,17:30:00.000,ID000PK8MG3,0.008752123,0.015172901
20141030,17:30:00.000,ID000PKFQD9,-0.005421007,0.0013392195
20141030,17:30:00.000,ID000PLZQH1,-0.001676155,0.0049877237
20141030,17:30:00.000,ID000PM1X36,0.0061369194,-0.016110785
20141030,17:30:00.000,ID000PM21L5,0.0106804725,0.023740778
20141030,17:30:00.000,ID000PN3YM9,0.006338552,0.011865351
20141030,17:30:00.000,ID000PP58Y6,0.023537852,0.0068169176
20141030,17:30:00.000,ID000PPDXX3,-0.00033012187,0.017396694
20141030,17:30:00.000,ID000PQKTQ0,0.0116090365,0.021956885
20141030,17:30:00.000,ID000PRGVZ8,0.001353831,0.0062505533
20141030,17:30:00.000,ID000PVLRP3,-0.0095259575,-0.010916105
20141030,17:30:00.000,ID000PYLP80,-0.0071355924,-0.0050002052
20141030,17:30:00.000,ID000Q4S289,-0.004690761,0.0019965891
20141030,17:30:00.000,ID000Q5VT38,-0.0010586309,-0.008960272
20141030,17:30:00.000,ID000Q64F54,0.008173434,0.021313192
20141030,17:30:00.000,ID000Q7BSQ3,-0.019551309,-0.02056608
20141030,17:30:00.000,ID000Q7RWP8,0.017062657,-0.009596242
20141030,17:30:00.000,ID000Q94ZV5,-0.0014289416,0.005626687
20141030,17:30:00.000,ID000Q9TVP4,-0.009608074,-0.010056516
20141030,17:30:00.000,ID000QC7FM9,0.015497099,-0.0074222926
20141030,17:30:00.000,ID000QCSZR7,0.00045871668,0.0076853787
20141030,17:30:00.000,ID000QDC320,-0.010250198,-0.008477459
20141030,17:30:00.000,ID000QDCWV4,0.004666059,-0.0033654796
20141030,17:30:00.000,ID000QF8XR7,0.0084113525,-0.019060262
20141030,17:30:00.000,ID000QGZPH3,-0.0072475006,0.0020990458
20141030,17:30:00.000,ID000QH2MN7,0.056679636,0.07504534
20141030,17:30:00.000,ID000QJ5PT7,0.010808025,-0.0037801461
20141030,17:30:00.000,ID000QLKZD0,0.019460151,0.02577232
20141030,17:30:00.000,ID000QLTYJ8,-0.016311709,-0.009158158
20141030,17:30:00.000,ID000QMPFL8,0.0020661224,0.0101312585
20141030,17:30:00.000,ID000QQCVC8,0.028815012,0.04275224
20141030,17:30:00.000,ID000QSDXN7,0.0035079573,0.0074821333
20141030,17:30:00.000,ID000QTWZ31,-0.004212754,0.0009188148
20141030,17:30:00.000,ID000QX19J7,0.0038696514,-0.004764821
20141030,17:30:00.000,ID000QX7NK8,0.0088293785,0.00079784053
20141030,17:30:00.000,ID000QZSY80,-0.0047227503,3.2503445e-05
20141030,17:30:00.000,ID000R0F0X6,-0.01613233,-0.025864633
20141030,17:30:00.000,ID000R6BX01,-0.00579801,0.009736372
20141030,17:30:00.000,ID000RG6D72,-0.008657172,-0.0054558255
20141030,17:30:00.000,ID000RJ13V6,0.0014989886,0.00985181
20141030,17:30:00.000,ID000RJM478,-0.008990726,0.00056972867
20141030,17:30:00.000,ID000RKCLR6,0.013031013,0.00818728
20141030,17:30:00.000,ID000RRRLH6,0.0024667066,0.009528854
20141030,17:30:00.000,ID000RSPBY9,0.0038505825,0.011919904
20141030,17:30:00.000,ID000T1FVZ2,-0.00019461343,0.012427617
20141030,17:30:00.000,ID000TDB8V5,-0.08355408,-0.078407414
20141030,17:30:00.000,ID000TFZP37,0.0114473505,0.016492167
20141030,17:30:00.000,ID000TG1N00,-0.0032055147,-0.0037126243
20141030,17:30:00.000,ID000TVW0H5,0.005244777,0.02213929
20141030,17:30:00.000,ID000V22RX2,-0.033757266,-0.021015827
20141030,17:30:00.000,ID000VGFVT3,-0.004714492,0.0066645057
20141030,17:30:00.000,ID000VH0T67,-0.016944028,-0.043752637
20141030,17:30:00.000,ID000W3MPK5,-0.003002898,0.0033364487
20141030,17:30:00.000,ID000W90780,-0.0010285671,0.003354263
20141030,17:30:00.000,ID0015QF8P3,-0.0056748018,-0.009691586
20141030,17:30:00.000,ID0019WXH85,0.004909403,0.0023796854
20141030,17:30:00.000,ID001BQZ142,0.03358802,0.026679588
20141030,17:30:00.000,ID001DNWP10,0.014878339,0.019133998
20141030,17:30:00.000,ID001LRJQB4,0.016690789,0.021332232
20141030,17:30:00.000,ID001MM1KT7,-0.013799811,-0.022526378
20141030,17:30:00.000,ID001MM9Y82,0.0069853063,0.01779732
20141030,17:30:00.000,ID001P1Z4F4,-0.00024292621,0.0026900508
20141030,17:30:00.000,ID001QCR6S9,-0.0044675595,-0.0021825705
20141030,17:30:00.000,ID001QXT246,-0.035694547,-0.0489284
20141030,17:30:00.000,ID001QXTNL1,-0.005673994,-0.020844396
20141030,17:30:00.000,ID001YN3L81,-0.019980114,-0.021690546
20141030,17:30:00.000,ID0025RP8D1,0.05482446,0.03629107
20141030,17:30:00.000,ID0027J63S3,-0.00042759767,-0.017452195
20141030,17:30:00.000,ID002CR6DZ9,-0.029878914,-0.033821754
20141030,17:30:00.000,ID002GJZV45,0.0051928684,0.0099672675
20141030,17:30:00.000,ID002YMXRJ3,0.029947236,0.036264878
20141030,17:30:00.000,ID0032JYVT2,-0.0057132426,-0.0036826236
20141030,17:30:00.000,ID00337BX36,-0.00090196123,-0.001245524
20141030,17:30:00.000,ID0035GLYB2,-0.03420872,-0.044634983
20141030,17:30:00.000,ID003FH03L9,0.016341286,0.017036935
20141030,17:30:00.000,ID003G4DHL2,0.013794171,0.015991282
20141030,17:30:00.000,ID003GW1860,-2.9548892e-05,0.0037103228
20141030,17:30:00.000,ID003T0P9C1,-0.0061736563,-0.0005532357
20141030,17:30:00.000,ID00423N060,0.021530308,0.019244118
20141030,17:30:00.000,ID0042FK271,0.024881575,0.031372063
20141030,17:30:00.000,ID00443M586,0.0062483726,0.003909596
20141030,17:30:00.000,ID00468ZSV3,-0.0012744656,-2.0502013e-07
20141030,17:30:00.000,ID004BRWPH0,0.019335162,0.020540506
20141030,17:30:00.000,ID004D7WJX8,0.039797466,0.04344578
20141030,17:30:00.000,ID004V7D7P4,-0.025342762,-0.031023676
20141030,17:30:00.000,ID00563QG65,0.018537888,0.011222354
20141030,17:30:00.000,ID0058141B8,-0.009064878,-0.013985998
20141030,17:30:00.000,ID005CM0YM7,-0.003792165,-0.0069960114
20141030,17:30:00.000,ID005GBMMQ5,-0.03170121,-0.020012304
20141030,17:30:00.000,ID005KMVVS4,-0.028919458,-0.038702164
20141030,17:30:00.000,ID005KXPQ44,0.0052755093,-6.0275717e-05
20141030,17:30:00.000,ID005PTLS66,0.018161533,0.020252885
20141030,17:30:00.000,ID005T2C3Z4,-0.009749517,0.006911869
20141030,17:30:00.000,ID00639ZL71,-0.010402478,-0.00832125
20141030,17:30:00.000,ID0067S6N55,-0.017720921,-0.0023840696
20141030,17:30:00.000,ID0068R6WK9,2.6798245e-05,-0.0010203081
20141030,17:30:00.000,ID006FBWMD7,0.023925796,0.020337075
20141030,17:30:00.000,ID006K4WHT1,0.02292356,0.017225241
20141030,17:30:00.000,ID006KCQPS3,-0.0036324137,-0.0045171552
20141030,17:30:00.000,ID006MFN039,-0.010648147,-0.0056033432
